# Temperatura_=_4.010425844346549
# Concentracion g/m^3_=_11700.0
# C_Vs_to_Am_M_A/Vsm_=_254322799225.57578
# pendiente_HvsI_1/m_=_3716.3
# ordenada_HvsI_A/m_=_1297.0
# frecuencia_Hz_=_136595.5778692054
# Promedio de 681 ciclos

Tiempo_(s)	Campo_(V.s)	Magnetizacion_(V.s)	Campo_(kA/m)	Magnetizacion_(A/m)
0.000000e+00	-1.110235e-08	-1.154135e-09	-5.692075e+01	-3.115201e+02
1.000000e-08	-1.110242e-08	-1.155144e-09	-5.692107e+01	-3.115533e+02
2.000000e-08	-1.110185e-08	-1.155660e-09	-5.691816e+01	-3.116263e+02
3.000000e-08	-1.110034e-08	-1.155791e-09	-5.691042e+01	-3.117418e+02
4.000000e-08	-1.109776e-08	-1.156109e-09	-5.689720e+01	-3.118965e+02
5.000000e-08	-1.109431e-08	-1.155882e-09	-5.687951e+01	-3.120805e+02
6.000000e-08	-1.109025e-08	-1.155637e-09	-5.685864e+01	-3.122776e+02
7.000000e-08	-1.108557e-08	-1.156835e-09	-5.683463e+01	-3.124671e+02
8.000000e-08	-1.108015e-08	-1.158700e-09	-5.680683e+01	-3.126253e+02
9.000000e-08	-1.107388e-08	-1.157407e-09	-5.677465e+01	-3.127275e+02
1.000000e-07	-1.106656e-08	-1.150877e-09	-5.673704e+01	-3.127511e+02
1.100000e-07	-1.105784e-08	-1.148374e-09	-5.669228e+01	-3.126777e+02
1.200000e-07	-1.104757e-08	-1.156472e-09	-5.663962e+01	-3.124954e+02
1.300000e-07	-1.103630e-08	-1.166350e-09	-5.658182e+01	-3.122006e+02
1.400000e-07	-1.102475e-08	-1.158983e-09	-5.652267e+01	-3.117990e+02
1.500000e-07	-1.101289e-08	-1.141693e-09	-5.646181e+01	-3.113056e+02
1.600000e-07	-1.100007e-08	-1.149226e-09	-5.639606e+01	-3.107440e+02
1.700000e-07	-1.098630e-08	-1.161331e-09	-5.632545e+01	-3.101448e+02
1.800000e-07	-1.097199e-08	-1.137381e-09	-5.625210e+01	-3.095430e+02
1.900000e-07	-1.095679e-08	-1.119509e-09	-5.617409e+01	-3.089750e+02
2.000000e-07	-1.094023e-08	-1.141208e-09	-5.608916e+01	-3.084755e+02
2.100000e-07	-1.092289e-08	-1.145839e-09	-5.600026e+01	-3.080736e+02
2.200000e-07	-1.090518e-08	-1.127070e-09	-5.590946e+01	-3.077905e+02
2.300000e-07	-1.088669e-08	-1.139118e-09	-5.581462e+01	-3.076365e+02
2.400000e-07	-1.086730e-08	-1.154769e-09	-5.571515e+01	-3.076097e+02
2.500000e-07	-1.084731e-08	-1.129439e-09	-5.561265e+01	-3.076957e+02
2.600000e-07	-1.082666e-08	-1.114416e-09	-5.550674e+01	-3.078679e+02
2.700000e-07	-1.080513e-08	-1.129787e-09	-5.539633e+01	-3.080893e+02
2.800000e-07	-1.078288e-08	-1.120016e-09	-5.528225e+01	-3.083156e+02
2.900000e-07	-1.075995e-08	-1.105901e-09	-5.516463e+01	-3.084980e+02
3.000000e-07	-1.073619e-08	-1.131058e-09	-5.504280e+01	-3.085877e+02
3.100000e-07	-1.071177e-08	-1.144287e-09	-5.491758e+01	-3.085399e+02
3.200000e-07	-1.068662e-08	-1.131237e-09	-5.478860e+01	-3.083173e+02
3.300000e-07	-1.066034e-08	-1.144230e-09	-5.465382e+01	-3.078936e+02
3.400000e-07	-1.063302e-08	-1.156897e-09	-5.451372e+01	-3.072562e+02
3.500000e-07	-1.060504e-08	-1.131591e-09	-5.437025e+01	-3.064065e+02
3.600000e-07	-1.057644e-08	-1.119158e-09	-5.422358e+01	-3.053613e+02
3.700000e-07	-1.054714e-08	-1.125770e-09	-5.407332e+01	-3.041503e+02
3.800000e-07	-1.051711e-08	-1.105500e-09	-5.391939e+01	-3.028150e+02
3.900000e-07	-1.048632e-08	-1.093994e-09	-5.376150e+01	-3.014047e+02
4.000000e-07	-1.045482e-08	-1.106638e-09	-5.359997e+01	-2.999729e+02
4.100000e-07	-1.042268e-08	-1.096714e-09	-5.343516e+01	-2.985732e+02
4.200000e-07	-1.038973e-08	-1.089286e-09	-5.326620e+01	-2.972551e+02
4.300000e-07	-1.035580e-08	-1.104700e-09	-5.309219e+01	-2.960604e+02
4.400000e-07	-1.032092e-08	-1.100613e-09	-5.291334e+01	-2.950202e+02
4.500000e-07	-1.028526e-08	-1.090282e-09	-5.273048e+01	-2.941527e+02
4.600000e-07	-1.024896e-08	-1.096159e-09	-5.254437e+01	-2.934625e+02
4.700000e-07	-1.021203e-08	-1.091911e-09	-5.235498e+01	-2.929411e+02
4.800000e-07	-1.017436e-08	-1.084439e-09	-5.216183e+01	-2.925676e+02
4.900000e-07	-1.013595e-08	-1.090915e-09	-5.196489e+01	-2.923118e+02
5.000000e-07	-1.009688e-08	-1.091206e-09	-5.176457e+01	-2.921368e+02
5.100000e-07	-1.005720e-08	-1.085286e-09	-5.156109e+01	-2.920026e+02
5.200000e-07	-1.001688e-08	-1.085594e-09	-5.135439e+01	-2.918693e+02
5.300000e-07	-9.975802e-09	-1.083974e-09	-5.114374e+01	-2.917012e+02
5.400000e-07	-9.933754e-09	-1.080266e-09	-5.092812e+01	-2.914687e+02
5.500000e-07	-9.890697e-09	-1.080199e-09	-5.070733e+01	-2.911509e+02
5.600000e-07	-9.846805e-09	-1.078823e-09	-5.048227e+01	-2.907364e+02
5.700000e-07	-9.802244e-09	-1.077247e-09	-5.025378e+01	-2.902240e+02
5.800000e-07	-9.757029e-09	-1.076683e-09	-5.002195e+01	-2.896213e+02
5.900000e-07	-9.711129e-09	-1.074521e-09	-4.978661e+01	-2.889434e+02
6.000000e-07	-9.664568e-09	-1.072972e-09	-4.954787e+01	-2.882109e+02
6.100000e-07	-9.617375e-09	-1.070305e-09	-4.930589e+01	-2.874473e+02
6.200000e-07	-9.569527e-09	-1.064715e-09	-4.906054e+01	-2.866762e+02
6.300000e-07	-9.520935e-09	-1.063215e-09	-4.881138e+01	-2.859189e+02
6.400000e-07	-9.471466e-09	-1.065550e-09	-4.855772e+01	-2.851924e+02
6.500000e-07	-9.421020e-09	-1.063611e-09	-4.829905e+01	-2.845080e+02
6.600000e-07	-9.369629e-09	-1.059733e-09	-4.803556e+01	-2.838701e+02
6.700000e-07	-9.317420e-09	-1.057874e-09	-4.776787e+01	-2.832765e+02
6.800000e-07	-9.264497e-09	-1.054669e-09	-4.749651e+01	-2.827193e+02
6.900000e-07	-9.210861e-09	-1.051813e-09	-4.722150e+01	-2.821853e+02
7.000000e-07	-9.156510e-09	-1.051425e-09	-4.694281e+01	-2.816586e+02
7.100000e-07	-9.101527e-09	-1.049487e-09	-4.666090e+01	-2.811219e+02
7.200000e-07	-9.045972e-09	-1.046262e-09	-4.637606e+01	-2.805588e+02
7.300000e-07	-8.989859e-09	-1.044508e-09	-4.608837e+01	-2.799554e+02
7.400000e-07	-8.933172e-09	-1.042469e-09	-4.579773e+01	-2.793017e+02
7.500000e-07	-8.875798e-09	-1.038694e-09	-4.550354e+01	-2.785925e+02
7.600000e-07	-8.817633e-09	-1.035236e-09	-4.520529e+01	-2.778277e+02
7.700000e-07	-8.758715e-09	-1.032644e-09	-4.490320e+01	-2.770123e+02
7.800000e-07	-8.699117e-09	-1.030532e-09	-4.459763e+01	-2.761551e+02
7.900000e-07	-8.638891e-09	-1.029277e-09	-4.428884e+01	-2.752680e+02
8.000000e-07	-8.578090e-09	-1.027717e-09	-4.397710e+01	-2.743645e+02
8.100000e-07	-8.516706e-09	-1.023922e-09	-4.366236e+01	-2.734579e+02
8.200000e-07	-8.454692e-09	-1.019225e-09	-4.334439e+01	-2.725598e+02
8.300000e-07	-8.392063e-09	-1.016033e-09	-4.302327e+01	-2.716793e+02
8.400000e-07	-8.328858e-09	-1.014416e-09	-4.269920e+01	-2.708214e+02
8.500000e-07	-8.265052e-09	-1.012848e-09	-4.237206e+01	-2.699872e+02
8.600000e-07	-8.200640e-09	-1.010370e-09	-4.204181e+01	-2.691737e+02
8.700000e-07	-8.135662e-09	-1.006912e-09	-4.170867e+01	-2.683741e+02
8.800000e-07	-8.070105e-09	-1.003108e-09	-4.137254e+01	-2.675789e+02
8.900000e-07	-8.003907e-09	-9.998232e-10	-4.103310e+01	-2.667768e+02
9.000000e-07	-7.937082e-09	-9.970335e-10	-4.069046e+01	-2.659562e+02
9.100000e-07	-7.869683e-09	-9.938418e-10	-4.034489e+01	-2.651065e+02
9.200000e-07	-7.801709e-09	-9.903096e-10	-3.999637e+01	-2.642190e+02
9.300000e-07	-7.733187e-09	-9.871543e-10	-3.964506e+01	-2.632879e+02
9.400000e-07	-7.664146e-09	-9.843537e-10	-3.929110e+01	-2.623106e+02
9.500000e-07	-7.594538e-09	-9.810838e-10	-3.893423e+01	-2.612884e+02
9.600000e-07	-7.524346e-09	-9.766539e-10	-3.857437e+01	-2.602254e+02
9.700000e-07	-7.453647e-09	-9.719240e-10	-3.821189e+01	-2.591285e+02
9.800000e-07	-7.382465e-09	-9.686252e-10	-3.784691e+01	-2.580063e+02
9.900000e-07	-7.310721e-09	-9.664477e-10	-3.747905e+01	-2.568681e+02
1.000000e-06	-7.238397e-09	-9.635941e-10	-3.710824e+01	-2.557226e+02
1.010000e-06	-7.165568e-09	-9.596106e-10	-3.673485e+01	-2.545773e+02
1.020000e-06	-7.092250e-09	-9.551579e-10	-3.635898e+01	-2.534374e+02
1.030000e-06	-7.018409e-09	-9.510784e-10	-3.598041e+01	-2.523053e+02
1.040000e-06	-6.943987e-09	-9.472981e-10	-3.559884e+01	-2.511807e+02
1.050000e-06	-6.868881e-09	-9.430414e-10	-3.521376e+01	-2.500603e+02
1.060000e-06	-6.793086e-09	-9.382456e-10	-3.482517e+01	-2.489385e+02
1.070000e-06	-6.716725e-09	-9.338705e-10	-3.443369e+01	-2.478081e+02
1.080000e-06	-6.639858e-09	-9.300829e-10	-3.403963e+01	-2.466611e+02
1.090000e-06	-6.562455e-09	-9.259904e-10	-3.364282e+01	-2.454896e+02
1.100000e-06	-6.484479e-09	-9.210643e-10	-3.324307e+01	-2.442866e+02
1.110000e-06	-6.405923e-09	-9.155200e-10	-3.284035e+01	-2.430471e+02
1.120000e-06	-6.326819e-09	-9.103310e-10	-3.243483e+01	-2.417679e+02
1.130000e-06	-6.247209e-09	-9.064247e-10	-3.202672e+01	-2.404485e+02
1.140000e-06	-6.167120e-09	-9.027473e-10	-3.161615e+01	-2.390908e+02
1.150000e-06	-6.086584e-09	-8.980468e-10	-3.120329e+01	-2.376984e+02
1.160000e-06	-6.005643e-09	-8.925401e-10	-3.078836e+01	-2.362768e+02
1.170000e-06	-5.924291e-09	-8.868076e-10	-3.037132e+01	-2.348321e+02
1.180000e-06	-5.842511e-09	-8.813285e-10	-2.995206e+01	-2.333705e+02
1.190000e-06	-5.760318e-09	-8.764851e-10	-2.953068e+01	-2.318975e+02
1.200000e-06	-5.677735e-09	-8.715541e-10	-2.910731e+01	-2.304173e+02
1.210000e-06	-5.594788e-09	-8.654432e-10	-2.868208e+01	-2.289321e+02
1.220000e-06	-5.511491e-09	-8.591546e-10	-2.825507e+01	-2.274424e+02
1.230000e-06	-5.427838e-09	-8.538055e-10	-2.782623e+01	-2.259467e+02
1.240000e-06	-5.343823e-09	-8.484646e-10	-2.739552e+01	-2.244417e+02
1.250000e-06	-5.259469e-09	-8.423291e-10	-2.696306e+01	-2.229229e+02
1.260000e-06	-5.174809e-09	-8.358864e-10	-2.652904e+01	-2.213852e+02
1.270000e-06	-5.089860e-09	-8.299314e-10	-2.609353e+01	-2.198236e+02
1.280000e-06	-5.004618e-09	-8.239832e-10	-2.565652e+01	-2.182335e+02
1.290000e-06	-4.919077e-09	-8.173195e-10	-2.521797e+01	-2.166117e+02
1.300000e-06	-4.833233e-09	-8.102781e-10	-2.477786e+01	-2.149567e+02
1.310000e-06	-4.747087e-09	-8.034804e-10	-2.433622e+01	-2.132684e+02
1.320000e-06	-4.660644e-09	-7.975907e-10	-2.389306e+01	-2.115486e+02
1.330000e-06	-4.573887e-09	-7.925552e-10	-2.344828e+01	-2.098006e+02
1.340000e-06	-4.486792e-09	-7.872871e-10	-2.300177e+01	-2.080285e+02
1.350000e-06	-4.399349e-09	-7.809634e-10	-2.255347e+01	-2.062370e+02
1.360000e-06	-4.311555e-09	-7.738673e-10	-2.210338e+01	-2.044305e+02
1.370000e-06	-4.223415e-09	-7.666440e-10	-2.165151e+01	-2.026128e+02
1.380000e-06	-4.134942e-09	-7.594857e-10	-2.119794e+01	-2.007861e+02
1.390000e-06	-4.046155e-09	-7.522010e-10	-2.074274e+01	-1.989514e+02
1.400000e-06	-3.957076e-09	-7.448597e-10	-2.028603e+01	-1.971075e+02
1.410000e-06	-3.867729e-09	-7.375468e-10	-1.982797e+01	-1.952518e+02
1.420000e-06	-3.778141e-09	-7.304992e-10	-1.936866e+01	-1.933800e+02
1.430000e-06	-3.688317e-09	-7.238905e-10	-1.890814e+01	-1.914868e+02
1.440000e-06	-3.598246e-09	-7.172089e-10	-1.844635e+01	-1.895663e+02
1.450000e-06	-3.507916e-09	-7.096424e-10	-1.798325e+01	-1.876130e+02
1.460000e-06	-3.417306e-09	-7.012405e-10	-1.751872e+01	-1.856216e+02
1.470000e-06	-3.326389e-09	-6.930425e-10	-1.705261e+01	-1.835883e+02
1.480000e-06	-3.235145e-09	-6.854950e-10	-1.658483e+01	-1.815105e+02
1.490000e-06	-3.143576e-09	-6.778468e-10	-1.611538e+01	-1.793874e+02
1.500000e-06	-3.051706e-09	-6.699396e-10	-1.564439e+01	-1.772198e+02
1.510000e-06	-2.959582e-09	-6.617211e-10	-1.517209e+01	-1.750099e+02
1.520000e-06	-2.867251e-09	-6.532005e-10	-1.469874e+01	-1.727605e+02
1.530000e-06	-2.774743e-09	-6.450394e-10	-1.422448e+01	-1.704754e+02
1.540000e-06	-2.682080e-09	-6.365871e-10	-1.374941e+01	-1.681578e+02
1.550000e-06	-2.589271e-09	-6.272146e-10	-1.327360e+01	-1.658104e+02
1.560000e-06	-2.496321e-09	-6.179078e-10	-1.279707e+01	-1.634346e+02
1.570000e-06	-2.403229e-09	-6.089607e-10	-1.231981e+01	-1.610302e+02
1.580000e-06	-2.309993e-09	-5.999515e-10	-1.184180e+01	-1.585955e+02
1.590000e-06	-2.216610e-09	-5.906117e-10	-1.136303e+01	-1.561268e+02
1.600000e-06	-2.123074e-09	-5.808013e-10	-1.088348e+01	-1.536190e+02
1.610000e-06	-2.029385e-09	-5.710025e-10	-1.040314e+01	-1.510659e+02
1.620000e-06	-1.935538e-09	-5.616105e-10	-9.921989e+00	-1.484606e+02
1.630000e-06	-1.841534e-09	-5.521936e-10	-9.440033e+00	-1.457960e+02
1.640000e-06	-1.747389e-09	-5.421543e-10	-8.957339e+00	-1.430656e+02
1.650000e-06	-1.653125e-09	-5.313845e-10	-8.474039e+00	-1.402634e+02
1.660000e-06	-1.558766e-09	-5.200972e-10	-7.990252e+00	-1.373848e+02
1.670000e-06	-1.464328e-09	-5.087469e-10	-7.506077e+00	-1.344265e+02
1.680000e-06	-1.369828e-09	-4.973907e-10	-7.021579e+00	-1.313864e+02
1.690000e-06	-1.275263e-09	-4.859210e-10	-6.536753e+00	-1.282634e+02
1.700000e-06	-1.180627e-09	-4.741583e-10	-6.051566e+00	-1.250571e+02
1.710000e-06	-1.085912e-09	-4.621412e-10	-5.565977e+00	-1.217672e+02
1.720000e-06	-9.911152e-10	-4.499772e-10	-5.079959e+00	-1.183932e+02
1.730000e-06	-8.962345e-10	-4.373307e-10	-4.593505e+00	-1.149338e+02
1.740000e-06	-8.012704e-10	-4.238245e-10	-4.106620e+00	-1.113863e+02
1.750000e-06	-7.062246e-10	-4.094809e-10	-3.619311e+00	-1.077467e+02
1.760000e-06	-6.111034e-10	-3.949606e-10	-3.131613e+00	-1.040095e+02
1.770000e-06	-5.159187e-10	-3.805225e-10	-2.643596e+00	-1.001679e+02
1.780000e-06	-4.206853e-10	-3.657486e-10	-2.155337e+00	-9.621395e+01
1.790000e-06	-3.254266e-10	-3.505307e-10	-1.666941e+00	-9.213960e+01
1.800000e-06	-2.301651e-10	-3.350529e-10	-1.178524e+00	-8.793685e+01
1.810000e-06	-1.349205e-10	-3.190168e-10	-6.901987e-01	-8.359876e+01
1.820000e-06	-3.970699e-11	-3.019371e-10	-2.020381e-01	-7.912006e+01
1.830000e-06	5.547463e-11	-2.843796e-10	2.859584e-01	-7.449774e+01
1.840000e-06	1.506340e-10	-2.666799e-10	7.738378e-01	-6.973147e+01
1.850000e-06	2.457802e-10	-2.481639e-10	1.261653e+00	-6.482385e+01
1.860000e-06	3.409177e-10	-2.288126e-10	1.749436e+00	-5.978029e+01
1.870000e-06	4.360516e-10	-2.090229e-10	2.237203e+00	-5.460879e+01
1.880000e-06	5.311755e-10	-1.885210e-10	2.724911e+00	-4.931938e+01
1.890000e-06	6.262788e-10	-1.678024e-10	3.212504e+00	-4.392349e+01
1.900000e-06	7.213553e-10	-1.475461e-10	3.699957e+00	-3.843311e+01
1.910000e-06	8.163891e-10	-1.270093e-10	4.187196e+00	-3.286006e+01
1.920000e-06	9.113579e-10	-1.057746e-10	4.674105e+00	-2.721522e+01
1.930000e-06	1.006245e-09	-8.426745e-11	5.160599e+00	-2.150796e+01
1.940000e-06	1.101035e-09	-6.249222e-11	5.646592e+00	-1.574577e+01
1.950000e-06	1.195713e-09	-4.026419e-11	6.132005e+00	-9.934140e+00
1.960000e-06	1.290271e-09	-1.792743e-11	6.616805e+00	-4.076664e+00
1.970000e-06	1.384710e-09	4.310072e-12	7.100998e+00	1.824552e+00
1.980000e-06	1.479044e-09	2.635629e-11	7.584642e+00	7.768323e+00
1.990000e-06	1.573279e-09	4.837104e-11	8.067791e+00	1.375367e+01
2.000000e-06	1.667424e-09	7.092087e-11	8.550480e+00	1.977903e+01
2.010000e-06	1.761484e-09	9.405436e-11	9.032728e+00	2.584155e+01
2.020000e-06	1.855452e-09	1.173688e-10	9.514499e+00	3.193641e+01
2.030000e-06	1.949313e-09	1.407781e-10	9.995729e+00	3.805643e+01
2.040000e-06	2.043058e-09	1.643814e-10	1.047636e+01	4.419183e+01
2.050000e-06	2.136675e-09	1.880869e-10	1.095634e+01	5.033030e+01
2.060000e-06	2.230147e-09	2.113350e-10	1.143558e+01	5.645735e+01
2.070000e-06	2.323462e-09	2.339537e-10	1.191401e+01	6.255680e+01
2.080000e-06	2.416614e-09	2.562754e-10	1.239160e+01	6.861156e+01
2.090000e-06	2.509589e-09	2.783717e-10	1.286829e+01	7.460442e+01
2.100000e-06	2.602384e-09	3.003366e-10	1.334406e+01	8.051889e+01
2.110000e-06	2.695000e-09	3.221642e-10	1.381890e+01	8.633997e+01
2.120000e-06	2.787439e-09	3.440722e-10	1.429284e+01	9.205476e+01
2.130000e-06	2.879697e-09	3.658999e-10	1.476584e+01	9.765289e+01
2.140000e-06	2.971767e-09	3.868496e-10	1.523787e+01	1.031266e+02
2.150000e-06	3.063637e-09	4.068671e-10	1.570887e+01	1.084709e+02
2.160000e-06	3.155283e-09	4.267016e-10	1.617872e+01	1.136829e+02
2.170000e-06	3.246678e-09	4.464729e-10	1.664730e+01	1.187616e+02
2.180000e-06	3.337800e-09	4.654126e-10	1.711447e+01	1.237071e+02
2.190000e-06	3.428630e-09	4.832890e-10	1.758016e+01	1.285202e+02
2.200000e-06	3.519163e-09	5.004258e-10	1.804433e+01	1.332014e+02
2.210000e-06	3.609402e-09	5.170390e-10	1.850700e+01	1.377509e+02
2.220000e-06	3.699352e-09	5.335718e-10	1.896821e+01	1.421677e+02
2.230000e-06	3.789014e-09	5.500875e-10	1.942794e+01	1.464501e+02
2.240000e-06	3.878385e-09	5.657910e-10	1.988617e+01	1.505954e+02
2.250000e-06	3.967451e-09	5.801514e-10	2.034284e+01	1.546003e+02
2.260000e-06	4.056200e-09	5.938961e-10	2.079787e+01	1.584617e+02
2.270000e-06	4.144628e-09	6.075638e-10	2.125125e+01	1.621768e+02
2.280000e-06	4.232736e-09	6.207635e-10	2.170298e+01	1.657444e+02
2.290000e-06	4.320529e-09	6.332389e-10	2.215310e+01	1.691649e+02
2.300000e-06	4.408016e-09	6.448651e-10	2.260165e+01	1.724408e+02
2.310000e-06	4.495205e-09	6.559856e-10	2.304867e+01	1.755775e+02
2.320000e-06	4.582100e-09	6.670448e-10	2.349418e+01	1.785827e+02
2.330000e-06	4.668693e-09	6.782518e-10	2.393813e+01	1.814664e+02
2.340000e-06	4.754962e-09	6.892369e-10	2.438043e+01	1.842404e+02
2.350000e-06	4.840891e-09	6.996833e-10	2.482098e+01	1.869177e+02
2.360000e-06	4.926476e-09	7.100080e-10	2.525976e+01	1.895116e+02
2.370000e-06	5.011722e-09	7.201761e-10	2.569681e+01	1.920349e+02
2.380000e-06	5.096648e-09	7.300919e-10	2.613221e+01	1.944991e+02
2.390000e-06	5.181270e-09	7.393275e-10	2.656605e+01	1.969133e+02
2.400000e-06	5.265583e-09	7.474677e-10	2.699831e+01	1.992844e+02
2.410000e-06	5.349568e-09	7.554350e-10	2.742889e+01	2.016163e+02
2.420000e-06	5.433205e-09	7.639037e-10	2.785768e+01	2.039102e+02
2.430000e-06	5.516481e-09	7.725179e-10	2.828462e+01	2.061646e+02
2.440000e-06	5.599397e-09	7.811465e-10	2.870971e+01	2.083762e+02
2.450000e-06	5.681958e-09	7.897077e-10	2.913297e+01	2.105405e+02
2.460000e-06	5.764151e-09	7.978540e-10	2.955435e+01	2.126526e+02
2.470000e-06	5.845942e-09	8.053141e-10	2.997367e+01	2.147079e+02
2.480000e-06	5.927285e-09	8.122988e-10	3.039067e+01	2.167033e+02
2.490000e-06	6.008135e-09	8.192772e-10	3.080514e+01	2.186371e+02
2.500000e-06	6.088480e-09	8.262059e-10	3.121702e+01	2.205103e+02
2.510000e-06	6.168343e-09	8.334088e-10	3.162644e+01	2.223260e+02
2.520000e-06	6.247752e-09	8.413455e-10	3.203353e+01	2.240892e+02
2.530000e-06	6.326709e-09	8.490360e-10	3.243830e+01	2.258071e+02
2.540000e-06	6.405192e-09	8.555556e-10	3.284066e+01	2.274875e+02
2.550000e-06	6.483190e-09	8.613756e-10	3.324052e+01	2.291389e+02
2.560000e-06	6.560707e-09	8.668959e-10	3.363793e+01	2.307691e+02
2.570000e-06	6.637770e-09	8.722783e-10	3.403301e+01	2.323847e+02
2.580000e-06	6.714380e-09	8.782867e-10	3.442576e+01	2.339903e+02
2.590000e-06	6.790492e-09	8.852520e-10	3.481594e+01	2.355884e+02
2.600000e-06	6.866026e-09	8.926320e-10	3.520315e+01	2.371787e+02
2.610000e-06	6.940918e-09	8.997401e-10	3.558708e+01	2.387588e+02
2.620000e-06	7.015158e-09	9.058419e-10	3.596768e+01	2.403242e+02
2.630000e-06	7.088774e-09	9.104718e-10	3.634509e+01	2.418689e+02
2.640000e-06	7.161790e-09	9.141925e-10	3.671941e+01	2.433863e+02
2.650000e-06	7.234212e-09	9.183087e-10	3.709068e+01	2.448701e+02
2.660000e-06	7.306060e-09	9.234818e-10	3.745901e+01	2.463148e+02
2.670000e-06	7.377387e-09	9.294762e-10	3.782467e+01	2.477167e+02
2.680000e-06	7.448237e-09	9.357579e-10	3.818790e+01	2.490742e+02
2.690000e-06	7.518608e-09	9.416208e-10	3.854866e+01	2.503881e+02
2.700000e-06	7.588467e-09	9.466155e-10	3.890681e+01	2.516617e+02
2.710000e-06	7.657805e-09	9.508222e-10	3.926228e+01	2.529003e+02
2.720000e-06	7.726650e-09	9.548320e-10	3.961522e+01	2.541110e+02
2.730000e-06	7.795016e-09	9.593527e-10	3.996569e+01	2.553015e+02
2.740000e-06	7.862854e-09	9.643399e-10	4.031346e+01	2.564798e+02
2.750000e-06	7.930093e-09	9.694532e-10	4.065813e+01	2.576527e+02
2.760000e-06	7.996674e-09	9.742959e-10	4.099943e+01	2.588259e+02
2.770000e-06	8.062560e-09	9.786932e-10	4.133718e+01	2.600028e+02
2.780000e-06	8.127763e-09	9.828007e-10	4.167143e+01	2.611844e+02
2.790000e-06	8.192318e-09	9.866796e-10	4.200236e+01	2.623691e+02
2.800000e-06	8.256272e-09	9.906044e-10	4.233021e+01	2.635532e+02
2.810000e-06	8.319677e-09	9.947477e-10	4.265524e+01	2.647310e+02
2.820000e-06	8.382579e-09	9.989231e-10	4.297771e+01	2.658958e+02
2.830000e-06	8.444976e-09	1.003072e-09	4.329758e+01	2.670405e+02
2.840000e-06	8.506830e-09	1.007146e-09	4.361467e+01	2.681586e+02
2.850000e-06	8.568128e-09	1.011133e-09	4.392891e+01	2.692448e+02
2.860000e-06	8.628898e-09	1.015184e-09	4.424044e+01	2.702958e+02
2.870000e-06	8.689151e-09	1.019274e-09	4.454932e+01	2.713106e+02
2.880000e-06	8.748826e-09	1.023489e-09	4.485522e+01	2.722908e+02
2.890000e-06	8.807809e-09	1.027606e-09	4.515756e+01	2.732401e+02
2.900000e-06	8.866003e-09	1.031276e-09	4.545586e+01	2.741644e+02
2.910000e-06	8.923379e-09	1.034395e-09	4.574998e+01	2.750707e+02
2.920000e-06	8.979990e-09	1.037054e-09	4.604018e+01	2.759665e+02
2.930000e-06	9.035926e-09	1.039993e-09	4.632692e+01	2.768590e+02
2.940000e-06	9.091267e-09	1.043262e-09	4.661061e+01	2.777543e+02
2.950000e-06	9.146043e-09	1.046411e-09	4.689141e+01	2.786564e+02
2.960000e-06	9.200231e-09	1.049523e-09	4.716917e+01	2.795673e+02
2.970000e-06	9.253780e-09	1.052771e-09	4.744367e+01	2.804863e+02
2.980000e-06	9.306662e-09	1.056316e-09	4.771476e+01	2.814101e+02
2.990000e-06	9.358826e-09	1.060047e-09	4.798215e+01	2.823336e+02
3.000000e-06	9.410169e-09	1.063632e-09	4.824533e+01	2.832501e+02
3.010000e-06	9.460580e-09	1.066313e-09	4.850374e+01	2.841519e+02
3.020000e-06	9.510028e-09	1.068082e-09	4.875723e+01	2.850319e+02
3.030000e-06	9.558597e-09	1.070268e-09	4.900623e+01	2.858836e+02
3.040000e-06	9.606412e-09	1.073308e-09	4.925138e+01	2.867024e+02
3.050000e-06	9.653558e-09	1.076733e-09	4.949309e+01	2.874859e+02
3.060000e-06	9.700047e-09	1.080278e-09	4.973144e+01	2.882342e+02
3.070000e-06	9.745858e-09	1.083561e-09	4.996631e+01	2.889500e+02
3.080000e-06	9.790994e-09	1.086458e-09	5.019773e+01	2.896382e+02
3.090000e-06	9.835525e-09	1.089147e-09	5.042606e+01	2.903053e+02
3.100000e-06	9.879520e-09	1.091563e-09	5.065163e+01	2.909588e+02
3.110000e-06	9.922945e-09	1.093419e-09	5.087426e+01	2.916064e+02
3.120000e-06	9.965622e-09	1.094787e-09	5.109305e+01	2.922546e+02
3.130000e-06	1.000737e-08	1.096392e-09	5.130707e+01	2.929087e+02
3.140000e-06	1.004817e-08	1.098749e-09	5.151629e+01	2.935717e+02
3.150000e-06	1.008820e-08	1.101760e-09	5.172150e+01	2.942440e+02
3.160000e-06	1.012757e-08	1.104849e-09	5.192334e+01	2.949236e+02
3.170000e-06	1.016627e-08	1.107320e-09	5.212178e+01	2.956060e+02
3.180000e-06	1.020426e-08	1.109093e-09	5.231655e+01	2.962851e+02
3.190000e-06	1.024151e-08	1.110531e-09	5.250754e+01	2.969538e+02
3.200000e-06	1.027808e-08	1.112058e-09	5.269504e+01	2.976046e+02
3.210000e-06	1.031407e-08	1.113877e-09	5.287956e+01	2.982311e+02
3.220000e-06	1.034946e-08	1.116003e-09	5.306102e+01	2.988280e+02
3.230000e-06	1.038408e-08	1.118445e-09	5.323846e+01	2.993927e+02
3.240000e-06	1.041772e-08	1.121178e-09	5.341096e+01	2.999248e+02
3.250000e-06	1.045043e-08	1.123748e-09	5.357866e+01	3.004266e+02
3.260000e-06	1.048238e-08	1.125399e-09	5.374246e+01	3.009030e+02
3.270000e-06	1.051366e-08	1.126612e-09	5.390284e+01	3.013606e+02
3.280000e-06	1.054425e-08	1.128059e-09	5.405965e+01	3.018071e+02
3.290000e-06	1.057409e-08	1.129365e-09	5.421266e+01	3.022505e+02
3.300000e-06	1.060319e-08	1.130724e-09	5.436183e+01	3.026979e+02
3.310000e-06	1.063160e-08	1.132605e-09	5.450748e+01	3.031548e+02
3.320000e-06	1.065943e-08	1.134606e-09	5.465015e+01	3.036242e+02
3.330000e-06	1.068659e-08	1.136080e-09	5.478939e+01	3.041065e+02
3.340000e-06	1.071281e-08	1.137156e-09	5.492382e+01	3.045988e+02
3.350000e-06	1.073797e-08	1.138164e-09	5.505279e+01	3.050958e+02
3.360000e-06	1.076223e-08	1.139031e-09	5.517715e+01	3.055900e+02
3.370000e-06	1.078577e-08	1.140113e-09	5.529782e+01	3.060725e+02
3.380000e-06	1.080859e-08	1.141819e-09	5.541486e+01	3.065340e+02
3.390000e-06	1.083068e-08	1.143766e-09	5.552810e+01	3.069661e+02
3.400000e-06	1.085202e-08	1.145311e-09	5.563751e+01	3.073622e+02
3.410000e-06	1.087264e-08	1.146431e-09	5.574321e+01	3.077183e+02
3.420000e-06	1.089264e-08	1.147549e-09	5.584574e+01	3.080334e+02
3.430000e-06	1.091202e-08	1.148572e-09	5.594511e+01	3.083101e+02
3.440000e-06	1.093062e-08	1.149273e-09	5.604044e+01	3.085540e+02
3.450000e-06	1.094833e-08	1.149926e-09	5.613121e+01	3.087734e+02
3.460000e-06	1.096524e-08	1.150580e-09	5.621788e+01	3.089783e+02
3.470000e-06	1.098137e-08	1.151092e-09	5.630058e+01	3.091792e+02
3.480000e-06	1.099662e-08	1.151695e-09	5.637871e+01	3.093860e+02
3.490000e-06	1.101096e-08	1.152460e-09	5.645220e+01	3.096067e+02
3.500000e-06	1.102448e-08	1.153214e-09	5.652151e+01	3.098466e+02
3.510000e-06	1.103722e-08	1.153856e-09	5.658681e+01	3.101074e+02
3.520000e-06	1.104918e-08	1.154727e-09	5.664811e+01	3.103868e+02
3.530000e-06	1.106026e-08	1.155770e-09	5.670493e+01	3.106791e+02
3.540000e-06	1.107025e-08	1.156205e-09	5.675610e+01	3.109751e+02
3.550000e-06	1.107912e-08	1.156013e-09	5.680156e+01	3.112639e+02
3.560000e-06	1.108714e-08	1.155888e-09	5.684270e+01	3.115332e+02
3.570000e-06	1.109448e-08	1.156250e-09	5.688034e+01	3.117719e+02
3.580000e-06	1.110107e-08	1.156939e-09	5.691411e+01	3.119704e+02
3.590000e-06	1.110686e-08	1.157821e-09	5.694377e+01	3.121225e+02
3.600000e-06	1.111186e-08	1.158649e-09	5.696937e+01	3.122264e+02
3.610000e-06	1.111617e-08	1.158952e-09	5.699146e+01	3.122847e+02
3.620000e-06	1.111989e-08	1.158744e-09	5.701058e+01	3.123047e+02
3.630000e-06	1.112289e-08	1.158327e-09	5.702594e+01	3.122977e+02
3.640000e-06	1.112487e-08	1.157836e-09	5.703604e+01	3.122779e+02
3.650000e-06	1.112578e-08	1.157510e-09	5.704068e+01	3.122607e+02
3.660000e-06	1.112587e-08	1.157689e-09	5.704116e+01	3.122614e+02
3.670000e-06	1.112531e-08	1.158273e-09	5.703824e+01	3.122925e+02
3.680000e-06	1.112403e-08	1.159152e-09	5.703167e+01	3.123629e+02
3.690000e-06	1.112202e-08	1.160280e-09	5.702137e+01	3.124757e+02
3.700000e-06	1.111930e-08	1.160857e-09	5.700741e+01	3.126281e+02
3.710000e-06	1.111589e-08	1.160537e-09	5.698994e+01	3.128104e+02
3.720000e-06	1.111192e-08	1.159524e-09	5.696960e+01	3.130069e+02
3.730000e-06	1.110741e-08	1.157097e-09	5.694647e+01	3.131973e+02
3.740000e-06	1.110211e-08	1.156300e-09	5.691925e+01	3.133577e+02
3.750000e-06	1.109575e-08	1.165472e-09	5.688661e+01	3.134638e+02
3.760000e-06	1.108824e-08	1.174960e-09	5.684807e+01	3.134926e+02
3.770000e-06	1.107948e-08	1.166147e-09	5.680313e+01	3.134255e+02
3.780000e-06	1.106939e-08	1.144951e-09	5.675136e+01	3.132502e+02
3.790000e-06	1.105837e-08	1.143856e-09	5.669484e+01	3.129624e+02
3.800000e-06	1.104708e-08	1.161808e-09	5.663704e+01	3.125673e+02
3.810000e-06	1.103555e-08	1.156544e-09	5.657791e+01	3.120793e+02
3.820000e-06	1.102302e-08	1.138996e-09	5.651359e+01	3.115215e+02
3.830000e-06	1.100912e-08	1.158683e-09	5.644229e+01	3.109241e+02
3.840000e-06	1.099432e-08	1.186218e-09	5.636641e+01	3.103218e+02
3.850000e-06	1.097893e-08	1.163256e-09	5.628746e+01	3.097512e+02
3.860000e-06	1.096269e-08	1.135651e-09	5.620418e+01	3.092467e+02
3.870000e-06	1.094560e-08	1.152686e-09	5.611657e+01	3.088383e+02
3.880000e-06	1.092794e-08	1.159921e-09	5.602607e+01	3.085474e+02
3.890000e-06	1.090965e-08	1.140458e-09	5.593228e+01	3.083851e+02
3.900000e-06	1.089053e-08	1.150954e-09	5.583425e+01	3.083504e+02
3.910000e-06	1.087071e-08	1.171530e-09	5.573264e+01	3.084297e+02
3.920000e-06	1.085021e-08	1.146909e-09	5.562751e+01	3.085969e+02
3.930000e-06	1.082865e-08	1.124753e-09	5.551695e+01	3.088160e+02
3.940000e-06	1.080591e-08	1.143407e-09	5.540033e+01	3.090427e+02
3.950000e-06	1.078229e-08	1.148911e-09	5.527924e+01	3.092288e+02
3.960000e-06	1.075802e-08	1.143338e-09	5.515481e+01	3.093252e+02
3.970000e-06	1.073310e-08	1.172505e-09	5.502701e+01	3.092869e+02
3.980000e-06	1.070748e-08	1.192449e-09	5.489564e+01	3.090760e+02
3.990000e-06	1.068111e-08	1.173825e-09	5.476043e+01	3.086656e+02
4.000000e-06	1.065398e-08	1.173420e-09	5.462137e+01	3.080420e+02
4.010000e-06	1.062621e-08	1.180356e-09	5.447897e+01	3.072058e+02
4.020000e-06	1.059782e-08	1.150058e-09	5.433343e+01	3.061728e+02
4.030000e-06	1.056869e-08	1.130026e-09	5.418405e+01	3.049720e+02
4.040000e-06	1.053858e-08	1.131800e-09	5.402965e+01	3.036440e+02
4.050000e-06	1.050744e-08	1.108877e-09	5.386993e+01	3.022377e+02
4.060000e-06	1.047544e-08	1.096403e-09	5.370588e+01	3.008065e+02
4.070000e-06	1.044272e-08	1.104702e-09	5.353810e+01	2.994041e+02
4.080000e-06	1.040918e-08	1.087745e-09	5.336612e+01	2.980801e+02
4.090000e-06	1.037487e-08	1.081150e-09	5.319018e+01	2.968771e+02
4.100000e-06	1.033994e-08	1.092835e-09	5.301111e+01	2.958266e+02
4.110000e-06	1.030444e-08	1.079571e-09	5.282909e+01	2.949478e+02
4.120000e-06	1.026833e-08	1.080474e-09	5.264395e+01	2.942464e+02
4.130000e-06	1.023153e-08	1.095692e-09	5.245530e+01	2.937143e+02
4.140000e-06	1.019386e-08	1.078950e-09	5.226211e+01	2.933316e+02
4.150000e-06	1.015517e-08	1.071461e-09	5.206368e+01	2.930688e+02
4.160000e-06	1.011559e-08	1.084804e-09	5.186075e+01	2.928891e+02
4.170000e-06	1.007534e-08	1.079001e-09	5.165437e+01	2.927526e+02
4.180000e-06	1.003444e-08	1.075579e-09	5.144469e+01	2.926198e+02
4.190000e-06	9.992846e-09	1.083201e-09	5.123140e+01	2.924542e+02
4.200000e-06	9.950525e-09	1.077025e-09	5.101441e+01	2.922261e+02
4.210000e-06	9.907498e-09	1.071450e-09	5.079381e+01	2.919138e+02
4.220000e-06	9.863803e-09	1.072525e-09	5.056979e+01	2.915056e+02
4.230000e-06	9.819483e-09	1.066715e-09	5.034257e+01	2.909993e+02
4.240000e-06	9.774552e-09	1.063565e-09	5.011220e+01	2.904021e+02
4.250000e-06	9.728961e-09	1.064626e-09	4.987844e+01	2.897287e+02
4.260000e-06	9.682672e-09	1.062457e-09	4.964109e+01	2.889994e+02
4.270000e-06	9.635698e-09	1.063236e-09	4.940025e+01	2.882375e+02
4.280000e-06	9.588029e-09	1.063964e-09	4.915583e+01	2.874665e+02
4.290000e-06	9.539613e-09	1.056928e-09	4.890757e+01	2.867081e+02
4.300000e-06	9.490432e-09	1.051258e-09	4.865538e+01	2.859795e+02
4.310000e-06	9.440502e-09	1.051115e-09	4.839937e+01	2.852923e+02
4.320000e-06	9.389830e-09	1.049345e-09	4.813956e+01	2.846514e+02
4.330000e-06	9.338404e-09	1.047492e-09	4.787589e+01	2.840551e+02
4.340000e-06	9.286165e-09	1.047630e-09	4.760803e+01	2.834957e+02
4.350000e-06	9.233039e-09	1.044196e-09	4.733561e+01	2.829604e+02
4.360000e-06	9.178999e-09	1.039826e-09	4.705850e+01	2.824334e+02
4.370000e-06	9.124100e-09	1.038854e-09	4.677700e+01	2.818976e+02
4.380000e-06	9.068462e-09	1.036691e-09	4.649174e+01	2.813364e+02
4.390000e-06	9.012211e-09	1.032697e-09	4.620336e+01	2.807357e+02
4.400000e-06	8.955429e-09	1.030571e-09	4.591224e+01	2.800852e+02
4.410000e-06	8.898101e-09	1.028569e-09	4.561831e+01	2.793796e+02
4.420000e-06	8.840162e-09	1.025193e-09	4.532124e+01	2.786183e+02
4.430000e-06	8.781590e-09	1.022192e-09	4.502093e+01	2.778059e+02
4.440000e-06	8.722421e-09	1.019190e-09	4.471756e+01	2.769512e+02
4.450000e-06	8.662674e-09	1.015353e-09	4.441124e+01	2.760659e+02
4.460000e-06	8.602307e-09	1.012706e-09	4.410172e+01	2.751633e+02
4.470000e-06	8.541248e-09	1.012104e-09	4.378865e+01	2.742567e+02
4.480000e-06	8.479445e-09	1.010524e-09	4.347174e+01	2.733579e+02
4.490000e-06	8.416872e-09	1.006766e-09	4.315089e+01	2.724761e+02
4.500000e-06	8.353572e-09	1.002417e-09	4.282632e+01	2.716168e+02
4.510000e-06	8.289623e-09	9.983698e-10	4.249845e+01	2.707811e+02
4.520000e-06	8.225125e-09	9.949507e-10	4.216778e+01	2.699664e+02
4.530000e-06	8.160143e-09	9.925239e-10	4.183463e+01	2.691660e+02
4.540000e-06	8.094662e-09	9.906536e-10	4.149890e+01	2.683706e+02
4.550000e-06	8.028643e-09	9.884227e-10	4.116042e+01	2.675691e+02
4.560000e-06	7.962083e-09	9.854877e-10	4.081916e+01	2.667498e+02
4.570000e-06	7.895003e-09	9.822626e-10	4.047526e+01	2.659021e+02
4.580000e-06	7.827386e-09	9.782494e-10	4.012858e+01	2.650171e+02
4.590000e-06	7.759212e-09	9.733657e-10	3.977903e+01	2.640888e+02
4.600000e-06	7.690446e-09	9.687792e-10	3.942644e+01	2.631145e+02
4.610000e-06	7.621012e-09	9.655506e-10	3.907043e+01	2.620951e+02
4.620000e-06	7.550905e-09	9.631668e-10	3.871097e+01	2.610346e+02
4.630000e-06	7.480186e-09	9.602651e-10	3.834837e+01	2.599397e+02
4.640000e-06	7.408852e-09	9.565789e-10	3.798263e+01	2.588190e+02
4.650000e-06	7.336904e-09	9.524647e-10	3.761375e+01	2.576816e+02
4.660000e-06	7.264440e-09	9.482820e-10	3.724224e+01	2.565365e+02
4.670000e-06	7.191558e-09	9.445965e-10	3.686861e+01	2.553911e+02
4.680000e-06	7.118289e-09	9.408678e-10	3.649298e+01	2.542508e+02
4.690000e-06	7.044613e-09	9.364787e-10	3.611524e+01	2.531182e+02
4.700000e-06	6.970448e-09	9.319526e-10	3.573501e+01	2.519931e+02
4.710000e-06	6.895714e-09	9.275721e-10	3.535187e+01	2.508725e+02
4.720000e-06	6.820393e-09	9.234668e-10	3.496573e+01	2.497508e+02
4.730000e-06	6.744490e-09	9.195098e-10	3.457660e+01	2.486211e+02
4.740000e-06	6.667993e-09	9.153699e-10	3.418440e+01	2.474752e+02
4.750000e-06	6.590922e-09	9.110500e-10	3.378924e+01	2.463053e+02
4.760000e-06	6.513304e-09	9.068084e-10	3.339127e+01	2.451045e+02
4.770000e-06	6.435133e-09	9.024007e-10	3.299047e+01	2.438673e+02
4.780000e-06	6.356422e-09	8.973480e-10	3.258692e+01	2.425907e+02
4.790000e-06	6.277186e-09	8.919457e-10	3.218068e+01	2.412738e+02
4.800000e-06	6.197425e-09	8.867589e-10	3.177177e+01	2.399184e+02
4.810000e-06	6.117181e-09	8.821639e-10	3.136041e+01	2.385282e+02
4.820000e-06	6.036548e-09	8.782214e-10	3.094704e+01	2.371084e+02
4.830000e-06	5.955592e-09	8.741812e-10	3.053200e+01	2.356651e+02
4.840000e-06	5.874294e-09	8.696971e-10	3.011520e+01	2.342045e+02
4.850000e-06	5.792588e-09	8.647632e-10	2.969630e+01	2.327321e+02
4.860000e-06	5.710433e-09	8.591606e-10	2.927513e+01	2.312522e+02
4.870000e-06	5.627836e-09	8.531290e-10	2.885170e+01	2.297673e+02
4.880000e-06	5.544856e-09	8.473812e-10	2.842633e+01	2.282780e+02
4.890000e-06	5.461566e-09	8.422067e-10	2.799935e+01	2.267826e+02
4.900000e-06	5.377977e-09	8.371537e-10	2.757082e+01	2.252782e+02
4.910000e-06	5.294037e-09	8.318868e-10	2.714047e+01	2.237604e+02
4.920000e-06	5.209705e-09	8.266267e-10	2.670812e+01	2.222239e+02
4.930000e-06	5.124976e-09	8.209610e-10	2.627371e+01	2.206638e+02
4.940000e-06	5.039867e-09	8.142390e-10	2.583735e+01	2.190756e+02
4.950000e-06	4.954400e-09	8.073792e-10	2.539917e+01	2.174559e+02
4.960000e-06	4.868590e-09	8.014381e-10	2.495923e+01	2.158029e+02
4.970000e-06	4.782440e-09	7.959472e-10	2.451754e+01	2.141167e+02
4.980000e-06	4.695927e-09	7.902439e-10	2.407399e+01	2.123989e+02
4.990000e-06	4.609017e-09	7.843626e-10	2.362840e+01	2.106526e+02
5.000000e-06	4.521673e-09	7.779450e-10	2.318059e+01	2.088820e+02
5.010000e-06	4.433888e-09	7.706589e-10	2.273053e+01	2.070917e+02
5.020000e-06	4.345711e-09	7.636698e-10	2.227849e+01	2.052861e+02
5.030000e-06	4.257220e-09	7.576603e-10	2.182485e+01	2.034690e+02
5.040000e-06	4.168475e-09	7.515582e-10	2.136989e+01	2.016429e+02
5.050000e-06	4.079496e-09	7.451671e-10	2.091373e+01	1.998087e+02
5.060000e-06	3.990290e-09	7.387565e-10	2.045640e+01	1.979654e+02
5.070000e-06	3.900858e-09	7.316389e-10	1.999790e+01	1.961104e+02
5.080000e-06	3.811195e-09	7.237587e-10	1.953821e+01	1.942397e+02
5.090000e-06	3.721296e-09	7.159037e-10	1.907732e+01	1.923479e+02
5.100000e-06	3.631160e-09	7.085214e-10	1.861521e+01	1.904292e+02
5.110000e-06	3.540791e-09	7.015956e-10	1.815191e+01	1.884780e+02
5.120000e-06	3.450195e-09	6.946483e-10	1.768745e+01	1.864891e+02
5.130000e-06	3.359372e-09	6.874860e-10	1.722183e+01	1.844584e+02
5.140000e-06	3.268314e-09	6.800814e-10	1.675501e+01	1.823834e+02
5.150000e-06	3.177016e-09	6.720214e-10	1.628695e+01	1.802632e+02
5.160000e-06	3.085475e-09	6.637454e-10	1.581763e+01	1.780984e+02
5.170000e-06	2.993700e-09	6.558025e-10	1.534712e+01	1.758910e+02
5.180000e-06	2.901711e-09	6.480422e-10	1.487550e+01	1.736441e+02
5.190000e-06	2.809522e-09	6.402939e-10	1.440284e+01	1.713612e+02
5.200000e-06	2.717137e-09	6.324083e-10	1.392918e+01	1.690456e+02
5.210000e-06	2.624558e-09	6.237208e-10	1.345451e+01	1.667000e+02
5.220000e-06	2.531783e-09	6.139152e-10	1.297885e+01	1.643259e+02
5.230000e-06	2.438813e-09	6.043165e-10	1.250220e+01	1.619233e+02
5.240000e-06	2.345662e-09	5.955474e-10	1.202462e+01	1.594905e+02
5.250000e-06	2.252335e-09	5.866550e-10	1.154613e+01	1.570239e+02
5.260000e-06	2.158837e-09	5.771313e-10	1.106677e+01	1.545186e+02
5.270000e-06	2.065179e-09	5.671593e-10	1.058659e+01	1.519684e+02
5.280000e-06	1.971361e-09	5.567376e-10	1.010559e+01	1.493664e+02
5.290000e-06	1.877382e-09	5.461210e-10	9.623758e+00	1.467056e+02
5.300000e-06	1.783250e-09	5.362084e-10	9.141146e+00	1.439792e+02
5.310000e-06	1.688989e-09	5.267201e-10	8.657868e+00	1.411816e+02
5.320000e-06	1.594623e-09	5.165016e-10	8.174055e+00	1.383078e+02
5.330000e-06	1.500173e-09	5.053832e-10	7.689797e+00	1.353545e+02
5.340000e-06	1.405644e-09	4.938415e-10	7.205123e+00	1.323195e+02
5.350000e-06	1.311039e-09	4.818991e-10	6.720063e+00	1.292016e+02
5.360000e-06	1.216349e-09	4.692476e-10	6.234568e+00	1.260004e+02
5.370000e-06	1.121557e-09	4.560507e-10	5.748552e+00	1.227157e+02
5.380000e-06	1.026655e-09	4.431386e-10	5.261970e+00	1.193469e+02
5.390000e-06	9.316425e-10	4.309747e-10	4.774829e+00	1.158928e+02
5.400000e-06	8.365293e-10	4.191531e-10	4.287173e+00	1.123507e+02
5.410000e-06	7.413258e-10	4.065056e-10	3.799048e+00	1.087169e+02
5.420000e-06	6.460415e-10	3.921678e-10	3.310507e+00	1.049857e+02
5.430000e-06	5.506837e-10	3.769071e-10	2.821593e+00	1.011506e+02
5.440000e-06	4.552725e-10	3.617089e-10	2.332411e+00	9.720365e+01
5.450000e-06	3.598299e-10	3.465406e-10	1.843072e+00	9.313678e+01
5.460000e-06	2.643775e-10	3.311974e-10	1.353684e+00	8.894200e+01
5.470000e-06	1.689412e-10	3.153408e-10	8.643795e-01	8.461230e+01
5.480000e-06	7.353156e-11	2.986134e-10	3.752111e-01	8.014229e+01
5.490000e-06	-2.185160e-11	2.814921e-10	-1.138187e-01	7.552882e+01
5.500000e-06	-1.172109e-10	2.642629e-10	-6.027176e-01	7.077140e+01
5.510000e-06	-2.125564e-10	2.461125e-10	-1.091545e+00	6.587243e+01
5.520000e-06	-3.078972e-10	2.268750e-10	-1.580357e+00	6.083716e+01
5.530000e-06	-4.032320e-10	2.075317e-10	-2.069147e+00	5.567342e+01
5.540000e-06	-4.985548e-10	1.884297e-10	-2.557874e+00	5.039115e+01
5.550000e-06	-5.938522e-10	1.691369e-10	-3.046463e+00	4.500168e+01
5.560000e-06	-6.891066e-10	1.492880e-10	-3.534829e+00	3.951699e+01
5.570000e-06	-7.843028e-10	1.287066e-10	-4.022891e+00	3.394891e+01
5.580000e-06	-8.794260e-10	1.074683e-10	-4.510576e+00	2.830839e+01
5.590000e-06	-9.744564e-10	8.611676e-11	-4.997791e+00	2.260490e+01
5.600000e-06	-1.069370e-09	6.515256e-11	-5.484412e+00	1.684605e+01
5.610000e-06	-1.164153e-09	4.413917e-11	-5.970362e+00	1.103746e+01
5.620000e-06	-1.258805e-09	2.244012e-11	-6.455638e+00	5.182818e+00
5.630000e-06	-1.353334e-09	4.508541e-13	-6.940288e+00	-7.156674e-01
5.640000e-06	-1.447753e-09	-2.150284e-11	-7.424373e+00	-6.656769e+00
5.650000e-06	-1.542069e-09	-4.382776e-11	-7.907925e+00	-1.263950e+01
5.660000e-06	-1.636283e-09	-6.674706e-11	-8.390961e+00	-1.866236e+01
5.670000e-06	-1.730395e-09	-9.009827e-11	-8.873470e+00	-2.472257e+01
5.680000e-06	-1.824400e-09	-1.131717e-10	-9.355431e+00	-3.081545e+01
5.690000e-06	-1.918290e-09	-1.355166e-10	-9.836791e+00	-3.693397e+01
5.700000e-06	-2.012046e-09	-1.580022e-10	-1.031747e+01	-4.306851e+01
5.710000e-06	-2.105656e-09	-1.812075e-10	-1.079740e+01	-4.920692e+01
5.720000e-06	-2.199106e-09	-2.049030e-10	-1.127653e+01	-5.533483e+01
5.730000e-06	-2.292374e-09	-2.285570e-10	-1.175471e+01	-6.143618e+01
5.740000e-06	-2.385437e-09	-2.514110e-10	-1.223184e+01	-6.749390e+01
5.750000e-06	-2.478279e-09	-2.731211e-10	-1.270783e+01	-7.349079e+01
5.760000e-06	-2.570889e-09	-2.942534e-10	-1.318263e+01	-7.941031e+01
5.770000e-06	-2.663268e-09	-3.154965e-10	-1.365624e+01	-8.523734e+01
5.780000e-06	-2.755425e-09	-3.368788e-10	-1.412872e+01	-9.095885e+01
5.790000e-06	-2.847368e-09	-3.580562e-10	-1.460009e+01	-9.656431e+01
5.800000e-06	-2.939099e-09	-3.785832e-10	-1.507037e+01	-1.020458e+02
5.810000e-06	-3.030623e-09	-3.983446e-10	-1.553958e+01	-1.073981e+02
5.820000e-06	-3.121946e-09	-4.177608e-10	-1.600776e+01	-1.126183e+02
5.830000e-06	-3.213060e-09	-4.368104e-10	-1.647487e+01	-1.177052e+02
5.840000e-06	-3.303958e-09	-4.550659e-10	-1.694087e+01	-1.226590e+02
5.850000e-06	-3.394630e-09	-4.729179e-10	-1.740570e+01	-1.274802e+02
5.860000e-06	-3.485066e-09	-4.907320e-10	-1.786934e+01	-1.321695e+02
5.870000e-06	-3.575257e-09	-5.082722e-10	-1.833171e+01	-1.367271e+02
5.880000e-06	-3.665189e-09	-5.254110e-10	-1.879276e+01	-1.411521e+02
5.890000e-06	-3.754856e-09	-5.419773e-10	-1.925246e+01	-1.454427e+02
5.900000e-06	-3.844266e-09	-5.576195e-10	-1.971085e+01	-1.495964e+02
5.910000e-06	-3.933427e-09	-5.725356e-10	-2.016796e+01	-1.536100e+02
5.920000e-06	-4.022342e-09	-5.871677e-10	-2.062381e+01	-1.574802e+02
5.930000e-06	-4.111014e-09	-6.013766e-10	-2.107840e+01	-1.612043e+02
5.940000e-06	-4.199437e-09	-6.146503e-10	-2.153171e+01	-1.647809e+02
5.950000e-06	-4.287588e-09	-6.270685e-10	-2.198364e+01	-1.682103e+02
5.960000e-06	-4.375431e-09	-6.392765e-10	-2.243400e+01	-1.714950e+02
5.970000e-06	-4.462930e-09	-6.514821e-10	-2.288259e+01	-1.746401e+02
5.980000e-06	-4.550053e-09	-6.633948e-10	-2.332926e+01	-1.776531e+02
5.990000e-06	-4.636792e-09	-6.746107e-10	-2.377396e+01	-1.805440e+02
6.000000e-06	-4.723148e-09	-6.850715e-10	-2.421672e+01	-1.833245e+02
6.010000e-06	-4.809127e-09	-6.949796e-10	-2.465753e+01	-1.860074e+02
6.020000e-06	-4.894733e-09	-7.043841e-10	-2.509645e+01	-1.886062e+02
6.030000e-06	-4.979957e-09	-7.133938e-10	-2.553339e+01	-1.911336e+02
6.040000e-06	-5.064781e-09	-7.226155e-10	-2.596828e+01	-1.936011e+02
6.050000e-06	-5.149195e-09	-7.322270e-10	-2.640107e+01	-1.960182e+02
6.060000e-06	-5.233208e-09	-7.419027e-10	-2.683180e+01	-1.983917e+02
6.070000e-06	-5.316850e-09	-7.517428e-10	-2.726061e+01	-2.007259e+02
6.080000e-06	-5.400152e-09	-7.610354e-10	-2.768768e+01	-2.030220e+02
6.090000e-06	-5.483132e-09	-7.687721e-10	-2.811309e+01	-2.052788e+02
6.100000e-06	-5.565785e-09	-7.754954e-10	-2.853682e+01	-2.074930e+02
6.110000e-06	-5.648081e-09	-7.824506e-10	-2.895871e+01	-2.096603e+02
6.120000e-06	-5.729989e-09	-7.899668e-10	-2.937863e+01	-2.117756e+02
6.130000e-06	-5.811502e-09	-7.977573e-10	-2.979651e+01	-2.138344e+02
6.140000e-06	-5.892630e-09	-8.056475e-10	-3.021243e+01	-2.158334e+02
6.150000e-06	-5.973380e-09	-8.132009e-10	-3.062640e+01	-2.177710e+02
6.160000e-06	-6.053718e-09	-8.202969e-10	-3.103825e+01	-2.196479e+02
6.170000e-06	-6.133584e-09	-8.272049e-10	-3.144770e+01	-2.214670e+02
6.180000e-06	-6.212928e-09	-8.335589e-10	-3.185448e+01	-2.232333e+02
6.190000e-06	-6.291743e-09	-8.393685e-10	-3.225856e+01	-2.249538e+02
6.200000e-06	-6.370044e-09	-8.453947e-10	-3.266000e+01	-2.266364e+02
6.210000e-06	-6.447830e-09	-8.518661e-10	-3.305882e+01	-2.282894e+02
6.220000e-06	-6.525081e-09	-8.584198e-10	-3.345489e+01	-2.299207e+02
6.230000e-06	-6.601758e-09	-8.646490e-10	-3.384801e+01	-2.315371e+02
6.240000e-06	-6.677852e-09	-8.704829e-10	-3.423815e+01	-2.331432e+02
6.250000e-06	-6.753396e-09	-8.761993e-10	-3.462544e+01	-2.347416e+02
6.260000e-06	-6.828434e-09	-8.821157e-10	-3.501014e+01	-2.363323e+02
6.270000e-06	-6.902976e-09	-8.883273e-10	-3.539229e+01	-2.379130e+02
6.280000e-06	-6.977001e-09	-8.942815e-10	-3.577179e+01	-2.394793e+02
6.290000e-06	-7.050518e-09	-8.992644e-10	-3.614868e+01	-2.410254e+02
6.300000e-06	-7.123572e-09	-9.037710e-10	-3.652320e+01	-2.425446e+02
6.310000e-06	-7.196191e-09	-9.088661e-10	-3.689548e+01	-2.440305e+02
6.320000e-06	-7.268358e-09	-9.141110e-10	-3.726544e+01	-2.454777e+02
6.330000e-06	-7.340022e-09	-9.187921e-10	-3.763284e+01	-2.468822e+02
6.340000e-06	-7.411140e-09	-9.237861e-10	-3.799743e+01	-2.482424e+02
6.350000e-06	-7.481676e-09	-9.292312e-10	-3.835906e+01	-2.495589e+02
6.360000e-06	-7.551607e-09	-9.344697e-10	-3.871760e+01	-2.508349e+02
6.370000e-06	-7.620933e-09	-9.394251e-10	-3.907304e+01	-2.520756e+02
6.380000e-06	-7.689658e-09	-9.438554e-10	-3.942540e+01	-2.532878e+02
6.390000e-06	-7.757795e-09	-9.477147e-10	-3.977472e+01	-2.544794e+02
6.400000e-06	-7.825373e-09	-9.516586e-10	-4.012117e+01	-2.556582e+02
6.410000e-06	-7.892427e-09	-9.563416e-10	-4.046494e+01	-2.568313e+02
6.420000e-06	-7.958958e-09	-9.611278e-10	-4.080603e+01	-2.580044e+02
6.430000e-06	-8.024934e-09	-9.653454e-10	-4.114426e+01	-2.591809e+02
6.440000e-06	-8.090348e-09	-9.694347e-10	-4.147960e+01	-2.603622e+02
6.450000e-06	-8.155231e-09	-9.733897e-10	-4.181223e+01	-2.615467e+02
6.460000e-06	-8.219593e-09	-9.771584e-10	-4.214219e+01	-2.627308e+02
6.470000e-06	-8.283410e-09	-9.808819e-10	-4.246937e+01	-2.639090e+02
6.480000e-06	-8.346631e-09	-9.843315e-10	-4.279350e+01	-2.650746e+02
6.490000e-06	-8.409193e-09	-9.880994e-10	-4.311426e+01	-2.662206e+02
6.500000e-06	-8.471056e-09	-9.925288e-10	-4.343145e+01	-2.673404e+02
6.510000e-06	-8.532231e-09	-9.966687e-10	-4.374510e+01	-2.684286e+02
6.520000e-06	-8.592758e-09	-1.000092e-09	-4.405541e+01	-2.694818e+02
6.530000e-06	-8.652667e-09	-1.003508e-09	-4.436254e+01	-2.704988e+02
6.540000e-06	-8.711983e-09	-1.007408e-09	-4.466664e+01	-2.714811e+02
6.550000e-06	-8.770707e-09	-1.011402e-09	-4.496769e+01	-2.724322e+02
6.560000e-06	-8.828800e-09	-1.015092e-09	-4.526552e+01	-2.733579e+02
6.570000e-06	-8.886248e-09	-1.018296e-09	-4.556004e+01	-2.742652e+02
6.580000e-06	-8.943089e-09	-1.021179e-09	-4.585146e+01	-2.751615e+02
6.590000e-06	-8.999349e-09	-1.024239e-09	-4.613989e+01	-2.760540e+02
6.600000e-06	-9.054987e-09	-1.027188e-09	-4.642513e+01	-2.769490e+02
6.610000e-06	-9.109912e-09	-1.029903e-09	-4.670674e+01	-2.778506e+02
6.620000e-06	-9.164031e-09	-1.032909e-09	-4.698422e+01	-2.787608e+02
6.630000e-06	-9.217305e-09	-1.036403e-09	-4.725737e+01	-2.796792e+02
6.640000e-06	-9.269770e-09	-1.040303e-09	-4.752637e+01	-2.806027e+02
6.650000e-06	-9.321488e-09	-1.043849e-09	-4.779152e+01	-2.815263e+02
6.660000e-06	-9.372498e-09	-1.046309e-09	-4.805304e+01	-2.824432e+02
6.670000e-06	-9.422769e-09	-1.048020e-09	-4.831078e+01	-2.833460e+02
6.680000e-06	-9.472204e-09	-1.049995e-09	-4.856426e+01	-2.842274e+02
6.690000e-06	-9.520727e-09	-1.052854e-09	-4.881306e+01	-2.850809e+02
6.700000e-06	-9.568358e-09	-1.056383e-09	-4.905729e+01	-2.859018e+02
6.710000e-06	-9.615215e-09	-1.060207e-09	-4.929753e+01	-2.866875e+02
6.720000e-06	-9.661427e-09	-1.063908e-09	-4.953445e+01	-2.874379e+02
6.730000e-06	-9.707047e-09	-1.067152e-09	-4.976833e+01	-2.881556e+02
6.740000e-06	-9.752071e-09	-1.069876e-09	-4.999916e+01	-2.888454e+02
6.750000e-06	-9.796523e-09	-1.071822e-09	-5.022704e+01	-2.895136e+02
6.760000e-06	-9.840433e-09	-1.073160e-09	-5.045214e+01	-2.901678e+02
6.770000e-06	-9.883775e-09	-1.074654e-09	-5.067434e+01	-2.908156e+02
6.780000e-06	-9.926493e-09	-1.076681e-09	-5.089334e+01	-2.914636e+02
6.790000e-06	-9.968538e-09	-1.079338e-09	-5.110890e+01	-2.921172e+02
6.800000e-06	-1.000989e-08	-1.082237e-09	-5.132090e+01	-2.927795e+02
6.810000e-06	-1.005057e-08	-1.084746e-09	-5.152944e+01	-2.934511e+02
6.820000e-06	-1.009062e-08	-1.086959e-09	-5.173474e+01	-2.941302e+02
6.830000e-06	-1.012998e-08	-1.089488e-09	-5.193653e+01	-2.948124e+02
6.840000e-06	-1.016848e-08	-1.092168e-09	-5.213396e+01	-2.954918e+02
6.850000e-06	-1.020604e-08	-1.094350e-09	-5.232653e+01	-2.961612e+02
6.860000e-06	-1.024274e-08	-1.095944e-09	-5.251469e+01	-2.968132e+02
6.870000e-06	-1.027876e-08	-1.097259e-09	-5.269932e+01	-2.974412e+02
6.880000e-06	-1.031415e-08	-1.099141e-09	-5.288072e+01	-2.980400e+02
6.890000e-06	-1.034885e-08	-1.101818e-09	-5.305865e+01	-2.986067e+02
6.900000e-06	-1.038284e-08	-1.104339e-09	-5.323287e+01	-2.991408e+02
6.910000e-06	-1.041609e-08	-1.106375e-09	-5.340334e+01	-2.996444e+02
6.920000e-06	-1.044865e-08	-1.108347e-09	-5.357026e+01	-3.001223e+02
6.930000e-06	-1.048056e-08	-1.110543e-09	-5.373384e+01	-3.005809e+02
6.940000e-06	-1.051172e-08	-1.112578e-09	-5.389360e+01	-3.010280e+02
6.950000e-06	-1.054192e-08	-1.113722e-09	-5.404841e+01	-3.014714e+02
6.960000e-06	-1.057109e-08	-1.114446e-09	-5.419796e+01	-3.019183e+02
6.970000e-06	-1.059944e-08	-1.115735e-09	-5.434324e+01	-3.023744e+02
6.980000e-06	-1.062713e-08	-1.118051e-09	-5.448517e+01	-3.028430e+02
6.990000e-06	-1.065413e-08	-1.120905e-09	-5.462360e+01	-3.033243e+02
7.000000e-06	-1.068038e-08	-1.123025e-09	-5.475814e+01	-3.038160e+02
7.010000e-06	-1.070585e-08	-1.124296e-09	-5.488868e+01	-3.043127e+02
7.020000e-06	-1.073058e-08	-1.125603e-09	-5.501547e+01	-3.048071e+02
7.030000e-06	-1.075471e-08	-1.127106e-09	-5.513911e+01	-3.052903e+02
7.040000e-06	-1.077821e-08	-1.128557e-09	-5.525957e+01	-3.057532e+02
7.050000e-06	-1.080084e-08	-1.129845e-09	-5.537559e+01	-3.061872e+02
7.060000e-06	-1.082240e-08	-1.130912e-09	-5.548611e+01	-3.065856e+02
7.070000e-06	-1.084302e-08	-1.132116e-09	-5.559177e+01	-3.069442e+02
7.080000e-06	-1.086294e-08	-1.133765e-09	-5.569387e+01	-3.072618e+02
7.090000e-06	-1.088220e-08	-1.135431e-09	-5.579261e+01	-3.075408e+02
7.100000e-06	-1.090072e-08	-1.136600e-09	-5.588755e+01	-3.077866e+02
7.110000e-06	-1.091849e-08	-1.137564e-09	-5.597861e+01	-3.080074e+02
7.120000e-06	-1.093550e-08	-1.138636e-09	-5.606581e+01	-3.082130e+02
7.130000e-06	-1.095184e-08	-1.139834e-09	-5.614953e+01	-3.084140e+02
7.140000e-06	-1.096753e-08	-1.141096e-09	-5.622994e+01	-3.086202e+02
7.150000e-06	-1.098232e-08	-1.141918e-09	-5.630580e+01	-3.088399e+02
7.160000e-06	-1.099596e-08	-1.142083e-09	-5.637570e+01	-3.090784e+02
7.170000e-06	-1.100852e-08	-1.142536e-09	-5.644011e+01	-3.093378e+02
7.180000e-06	-1.102025e-08	-1.144282e-09	-5.650023e+01	-3.096160e+02
7.190000e-06	-1.103120e-08	-1.146475e-09	-5.655634e+01	-3.099075e+02
7.200000e-06	-1.104137e-08	-1.147801e-09	-5.660843e+01	-3.102033e+02
7.210000e-06	-1.105075e-08	-1.148479e-09	-5.665651e+01	-3.104926e+02
7.220000e-06	-1.105939e-08	-1.148924e-09	-5.670077e+01	-3.107632e+02
7.230000e-06	-1.106738e-08	-1.149220e-09	-5.674173e+01	-3.110039e+02
7.240000e-06	-1.107466e-08	-1.149631e-09	-5.677906e+01	-3.112049e+02
7.250000e-06	-1.108096e-08	-1.150040e-09	-5.681135e+01	-3.113600e+02
7.260000e-06	-1.108618e-08	-1.150420e-09	-5.683809e+01	-3.114668e+02
7.270000e-06	-1.109055e-08	-1.151075e-09	-5.686046e+01	-3.115279e+02
7.280000e-06	-1.109428e-08	-1.152107e-09	-5.687954e+01	-3.115501e+02
7.290000e-06	-1.109733e-08	-1.152933e-09	-5.689515e+01	-3.115446e+02
7.300000e-06	-1.109965e-08	-1.152897e-09	-5.690702e+01	-3.115253e+02
7.310000e-06	-1.110122e-08	-1.152725e-09	-5.691506e+01	-3.115077e+02
7.320000e-06	-1.110200e-08	-1.153216e-09	-5.691903e+01	-3.115070e+02
