# Temperatura_=_1.7183510638297876
# Concentracion g/m^3_=_11700.0
# C_Vs_to_Am_M_A/Vsm_=_254322799225.57578
# pendiente_HvsI_1/m_=_3716.3
# ordenada_HvsI_A/m_=_1297.0
# frecuencia_Hz_=_136596.58117002374
# Promedio de 752 ciclos

Tiempo_(s)	Campo_(V.s)	Magnetizacion_(V.s)	Campo_(kA/m)	Magnetizacion_(A/m)
0.000000e+00	-1.110472e-08	-1.007891e-09	-5.691782e+01	-2.539189e+02
1.000000e-08	-1.110476e-08	-1.008894e-09	-5.691806e+01	-2.541664e+02
2.000000e-08	-1.110424e-08	-1.009811e-09	-5.691538e+01	-2.544533e+02
3.000000e-08	-1.110284e-08	-1.010059e-09	-5.690819e+01	-2.547543e+02
4.000000e-08	-1.110034e-08	-1.010160e-09	-5.689541e+01	-2.550399e+02
5.000000e-08	-1.109692e-08	-1.010131e-09	-5.687785e+01	-2.552784e+02
6.000000e-08	-1.109285e-08	-1.009938e-09	-5.685702e+01	-2.554398e+02
7.000000e-08	-1.108820e-08	-1.010662e-09	-5.683317e+01	-2.554984e+02
8.000000e-08	-1.108283e-08	-1.012738e-09	-5.680561e+01	-2.554358e+02
9.000000e-08	-1.107659e-08	-1.013525e-09	-5.677366e+01	-2.552434e+02
1.000000e-07	-1.106930e-08	-1.009139e-09	-5.673627e+01	-2.549236e+02
1.100000e-07	-1.106062e-08	-1.003337e-09	-5.669180e+01	-2.544900e+02
1.200000e-07	-1.105039e-08	-1.002268e-09	-5.663937e+01	-2.539667e+02
1.300000e-07	-1.103914e-08	-1.009024e-09	-5.658172e+01	-2.533864e+02
1.400000e-07	-1.102770e-08	-1.018130e-09	-5.652304e+01	-2.527876e+02
1.500000e-07	-1.101594e-08	-1.015133e-09	-5.646277e+01	-2.522111e+02
1.600000e-07	-1.100316e-08	-1.003267e-09	-5.639726e+01	-2.516959e+02
1.700000e-07	-1.098940e-08	-9.974020e-10	-5.632674e+01	-2.512756e+02
1.800000e-07	-1.097515e-08	-9.963768e-10	-5.625372e+01	-2.509747e+02
1.900000e-07	-1.095996e-08	-1.001520e-09	-5.617587e+01	-2.508064e+02
2.000000e-07	-1.094334e-08	-1.015789e-09	-5.609066e+01	-2.507703e+02
2.100000e-07	-1.092595e-08	-1.021738e-09	-5.600152e+01	-2.508524e+02
2.200000e-07	-1.090823e-08	-1.008407e-09	-5.591070e+01	-2.510262e+02
2.300000e-07	-1.088970e-08	-9.940937e-10	-5.581572e+01	-2.512544e+02
2.400000e-07	-1.087024e-08	-9.819656e-10	-5.571600e+01	-2.514926e+02
2.500000e-07	-1.085023e-08	-9.656225e-10	-5.561344e+01	-2.516933e+02
2.600000e-07	-1.082958e-08	-9.656784e-10	-5.550757e+01	-2.518105e+02
2.700000e-07	-1.080805e-08	-9.879447e-10	-5.539721e+01	-2.518039e+02
2.800000e-07	-1.078583e-08	-1.006288e-09	-5.528332e+01	-2.516433e+02
2.900000e-07	-1.076291e-08	-1.020786e-09	-5.516587e+01	-2.513119e+02
3.000000e-07	-1.073915e-08	-1.041175e-09	-5.504406e+01	-2.508079e+02
3.100000e-07	-1.071476e-08	-1.042459e-09	-5.491904e+01	-2.501461e+02
3.200000e-07	-1.068968e-08	-1.023224e-09	-5.479051e+01	-2.493560e+02
3.300000e-07	-1.066345e-08	-1.010199e-09	-5.465607e+01	-2.484808e+02
3.400000e-07	-1.063613e-08	-9.945916e-10	-5.451605e+01	-2.475729e+02
3.500000e-07	-1.060814e-08	-9.685832e-10	-5.437259e+01	-2.466903e+02
3.600000e-07	-1.057955e-08	-9.620551e-10	-5.422605e+01	-2.458914e+02
3.700000e-07	-1.055028e-08	-9.666539e-10	-5.407603e+01	-2.452298e+02
3.800000e-07	-1.052030e-08	-9.581399e-10	-5.392232e+01	-2.447500e+02
3.900000e-07	-1.048952e-08	-9.639039e-10	-5.376457e+01	-2.444832e+02
4.000000e-07	-1.045801e-08	-9.774532e-10	-5.360309e+01	-2.444447e+02
4.100000e-07	-1.042588e-08	-9.659309e-10	-5.343838e+01	-2.446326e+02
4.200000e-07	-1.039298e-08	-9.677934e-10	-5.326976e+01	-2.450279e+02
4.300000e-07	-1.035914e-08	-9.846694e-10	-5.309632e+01	-2.455960e+02
4.400000e-07	-1.032434e-08	-9.729127e-10	-5.291794e+01	-2.462899e+02
4.500000e-07	-1.028870e-08	-9.681758e-10	-5.273526e+01	-2.470539e+02
4.600000e-07	-1.025241e-08	-9.842174e-10	-5.254926e+01	-2.478286e+02
4.700000e-07	-1.021550e-08	-9.749251e-10	-5.236009e+01	-2.485554e+02
4.800000e-07	-1.017786e-08	-9.632765e-10	-5.216717e+01	-2.491815e+02
4.900000e-07	-1.013948e-08	-9.762571e-10	-5.197043e+01	-2.496638e+02
5.000000e-07	-1.010042e-08	-9.757244e-10	-5.177022e+01	-2.499721e+02
5.100000e-07	-1.006073e-08	-9.646415e-10	-5.156677e+01	-2.500910e+02
5.200000e-07	-1.002043e-08	-9.698130e-10	-5.136023e+01	-2.500199e+02
5.300000e-07	-9.979416e-09	-9.723625e-10	-5.115001e+01	-2.497730e+02
5.400000e-07	-9.937440e-09	-9.660660e-10	-5.093487e+01	-2.493763e+02
5.500000e-07	-9.894420e-09	-9.669556e-10	-5.071437e+01	-2.488653e+02
5.600000e-07	-9.850539e-09	-9.673979e-10	-5.048945e+01	-2.482807e+02
5.700000e-07	-9.805989e-09	-9.631467e-10	-5.026110e+01	-2.476644e+02
5.800000e-07	-9.760790e-09	-9.630754e-10	-5.002943e+01	-2.470559e+02
5.900000e-07	-9.714908e-09	-9.640852e-10	-4.979426e+01	-2.464886e+02
6.000000e-07	-9.668360e-09	-9.631613e-10	-4.955567e+01	-2.459871e+02
6.100000e-07	-9.621177e-09	-9.623894e-10	-4.931383e+01	-2.455656e+02
6.200000e-07	-9.573349e-09	-9.591110e-10	-4.906869e+01	-2.452273e+02
6.300000e-07	-9.524803e-09	-9.563684e-10	-4.881986e+01	-2.449648e+02
6.400000e-07	-9.475395e-09	-9.578223e-10	-4.856663e+01	-2.447621e+02
6.500000e-07	-9.425005e-09	-9.572989e-10	-4.830835e+01	-2.445964e+02
6.600000e-07	-9.373647e-09	-9.544814e-10	-4.804512e+01	-2.444414e+02
6.700000e-07	-9.321459e-09	-9.542203e-10	-4.777763e+01	-2.442702e+02
6.800000e-07	-9.268559e-09	-9.531313e-10	-4.750648e+01	-2.440580e+02
6.900000e-07	-9.214946e-09	-9.501032e-10	-4.723169e+01	-2.437853e+02
7.000000e-07	-9.160605e-09	-9.493795e-10	-4.695316e+01	-2.434390e+02
7.100000e-07	-9.105619e-09	-9.485032e-10	-4.667132e+01	-2.430140e+02
7.200000e-07	-9.050063e-09	-9.453907e-10	-4.638656e+01	-2.425132e+02
7.300000e-07	-8.993965e-09	-9.440399e-10	-4.609902e+01	-2.419467e+02
7.400000e-07	-8.937318e-09	-9.445517e-10	-4.580868e+01	-2.413303e+02
7.500000e-07	-8.879995e-09	-9.432616e-10	-4.551487e+01	-2.406836e+02
7.600000e-07	-8.821875e-09	-9.404148e-10	-4.521698e+01	-2.400278e+02
7.700000e-07	-8.763001e-09	-9.379552e-10	-4.491522e+01	-2.393829e+02
7.800000e-07	-8.703434e-09	-9.361894e-10	-4.460990e+01	-2.387659e+02
7.900000e-07	-8.643216e-09	-9.344964e-10	-4.430125e+01	-2.381890e+02
8.000000e-07	-8.582417e-09	-9.329752e-10	-4.398962e+01	-2.376583e+02
8.100000e-07	-8.521047e-09	-9.313837e-10	-4.367506e+01	-2.371734e+02
8.200000e-07	-8.459054e-09	-9.290280e-10	-4.335731e+01	-2.367278e+02
8.300000e-07	-8.396442e-09	-9.265206e-10	-4.303639e+01	-2.363100e+02
8.400000e-07	-8.333259e-09	-9.249921e-10	-4.271254e+01	-2.359047e+02
8.500000e-07	-8.269484e-09	-9.234675e-10	-4.238566e+01	-2.354948e+02
8.600000e-07	-8.205104e-09	-9.209902e-10	-4.205568e+01	-2.350633e+02
8.700000e-07	-8.140165e-09	-9.185998e-10	-4.172283e+01	-2.345953e+02
8.800000e-07	-8.074664e-09	-9.168675e-10	-4.138710e+01	-2.340796e+02
8.900000e-07	-8.008529e-09	-9.146260e-10	-4.104813e+01	-2.335095e+02
9.000000e-07	-7.941760e-09	-9.116033e-10	-4.070590e+01	-2.328839e+02
9.100000e-07	-7.874408e-09	-9.087790e-10	-4.036068e+01	-2.322067e+02
9.200000e-07	-7.806455e-09	-9.062833e-10	-4.001238e+01	-2.314863e+02
9.300000e-07	-7.737924e-09	-9.041348e-10	-3.966112e+01	-2.307345e+02
9.400000e-07	-7.668872e-09	-9.027545e-10	-3.930719e+01	-2.299651e+02
9.500000e-07	-7.599263e-09	-9.009955e-10	-3.895041e+01	-2.291920e+02
9.600000e-07	-7.529067e-09	-8.975763e-10	-3.859061e+01	-2.284277e+02
9.700000e-07	-7.458369e-09	-8.937273e-10	-3.822825e+01	-2.276817e+02
9.800000e-07	-7.387210e-09	-8.909236e-10	-3.786351e+01	-2.269599e+02
9.900000e-07	-7.315509e-09	-8.888191e-10	-3.749600e+01	-2.262632e+02
1.000000e-06	-7.243229e-09	-8.863833e-10	-3.712553e+01	-2.255885e+02
1.010000e-06	-7.170418e-09	-8.834479e-10	-3.675233e+01	-2.249281e+02
1.020000e-06	-7.097096e-09	-8.802696e-10	-3.637653e+01	-2.242714e+02
1.030000e-06	-7.023279e-09	-8.770749e-10	-3.599818e+01	-2.236061e+02
1.040000e-06	-6.948922e-09	-8.740646e-10	-3.561706e+01	-2.229193e+02
1.050000e-06	-6.873881e-09	-8.713653e-10	-3.523244e+01	-2.221992e+02
1.060000e-06	-6.798119e-09	-8.679843e-10	-3.484412e+01	-2.214366e+02
1.070000e-06	-6.721749e-09	-8.637943e-10	-3.445268e+01	-2.206254e+02
1.080000e-06	-6.644860e-09	-8.603713e-10	-3.405858e+01	-2.197640e+02
1.090000e-06	-6.567440e-09	-8.578256e-10	-3.366176e+01	-2.188546e+02
1.100000e-06	-6.489452e-09	-8.546349e-10	-3.326203e+01	-2.179035e+02
1.110000e-06	-6.410887e-09	-8.504539e-10	-3.285935e+01	-2.169198e+02
1.120000e-06	-6.331777e-09	-8.463578e-10	-3.245387e+01	-2.159147e+02
1.130000e-06	-6.252167e-09	-8.430357e-10	-3.204583e+01	-2.148998e+02
1.140000e-06	-6.172075e-09	-8.398886e-10	-3.163532e+01	-2.138860e+02
1.150000e-06	-6.091518e-09	-8.365519e-10	-3.122242e+01	-2.128821e+02
1.160000e-06	-6.010532e-09	-8.326093e-10	-3.080733e+01	-2.118936e+02
1.170000e-06	-5.929133e-09	-8.280676e-10	-3.039011e+01	-2.109225e+02
1.180000e-06	-5.847316e-09	-8.239770e-10	-2.997075e+01	-2.099666e+02
1.190000e-06	-5.765089e-09	-8.205068e-10	-2.954929e+01	-2.090201e+02
1.200000e-06	-5.682467e-09	-8.167502e-10	-2.912581e+01	-2.080740e+02
1.210000e-06	-5.599471e-09	-8.121814e-10	-2.870040e+01	-2.071172e+02
1.220000e-06	-5.516123e-09	-8.073995e-10	-2.827319e+01	-2.061378e+02
1.230000e-06	-5.432424e-09	-8.032548e-10	-2.784419e+01	-2.051243e+02
1.240000e-06	-5.348372e-09	-7.997767e-10	-2.741337e+01	-2.040667e+02
1.250000e-06	-5.263978e-09	-7.958305e-10	-2.698080e+01	-2.029580e+02
1.260000e-06	-5.179266e-09	-7.911379e-10	-2.654661e+01	-2.017943e+02
1.270000e-06	-5.094264e-09	-7.859494e-10	-2.611092e+01	-2.005757e+02
1.280000e-06	-5.008966e-09	-7.808460e-10	-2.567372e+01	-1.993058e+02
1.290000e-06	-4.923362e-09	-7.768012e-10	-2.523495e+01	-1.979911e+02
1.300000e-06	-4.837458e-09	-7.725799e-10	-2.479465e+01	-1.966408e+02
1.310000e-06	-4.751264e-09	-7.668882e-10	-2.435285e+01	-1.952647e+02
1.320000e-06	-4.664768e-09	-7.609638e-10	-2.390952e+01	-1.938731e+02
1.330000e-06	-4.577958e-09	-7.556506e-10	-2.346457e+01	-1.924745e+02
1.340000e-06	-4.490810e-09	-7.502955e-10	-2.301788e+01	-1.910756e+02
1.350000e-06	-4.403299e-09	-7.450317e-10	-2.256933e+01	-1.896797e+02
1.360000e-06	-4.315446e-09	-7.400628e-10	-2.211904e+01	-1.882869e+02
1.370000e-06	-4.227275e-09	-7.344510e-10	-2.166711e+01	-1.868938e+02
1.380000e-06	-4.138777e-09	-7.283347e-10	-2.121351e+01	-1.854941e+02
1.390000e-06	-4.049955e-09	-7.226248e-10	-2.075826e+01	-1.840790e+02
1.400000e-06	-3.960832e-09	-7.170088e-10	-2.030145e+01	-1.826386e+02
1.410000e-06	-3.871433e-09	-7.108177e-10	-1.984324e+01	-1.811628e+02
1.420000e-06	-3.781787e-09	-7.043662e-10	-1.938376e+01	-1.796422e+02
1.430000e-06	-3.691912e-09	-6.978925e-10	-1.892311e+01	-1.780698e+02
1.440000e-06	-3.601798e-09	-6.912730e-10	-1.846123e+01	-1.764409e+02
1.450000e-06	-3.511426e-09	-6.850122e-10	-1.799802e+01	-1.747541e+02
1.460000e-06	-3.420780e-09	-6.786307e-10	-1.753342e+01	-1.730112e+02
1.470000e-06	-3.329844e-09	-6.711532e-10	-1.706732e+01	-1.712170e+02
1.480000e-06	-3.238589e-09	-6.632490e-10	-1.659960e+01	-1.693785e+02
1.490000e-06	-3.147000e-09	-6.558156e-10	-1.613016e+01	-1.675040e+02
1.500000e-06	-3.055099e-09	-6.484213e-10	-1.565911e+01	-1.656023e+02
1.510000e-06	-2.962939e-09	-6.407768e-10	-1.518674e+01	-1.636811e+02
1.520000e-06	-2.870572e-09	-6.329642e-10	-1.471331e+01	-1.617468e+02
1.530000e-06	-2.778033e-09	-6.250832e-10	-1.423899e+01	-1.598028e+02
1.540000e-06	-2.685333e-09	-6.173666e-10	-1.376385e+01	-1.578498e+02
1.550000e-06	-2.592480e-09	-6.098444e-10	-1.328793e+01	-1.558851e+02
1.560000e-06	-2.499480e-09	-6.026657e-10	-1.281125e+01	-1.539033e+02
1.570000e-06	-2.406340e-09	-5.948981e-10	-1.233385e+01	-1.518963e+02
1.580000e-06	-2.313058e-09	-5.861320e-10	-1.185573e+01	-1.498546e+02
1.590000e-06	-2.219626e-09	-5.772020e-10	-1.137684e+01	-1.477680e+02
1.600000e-06	-2.126044e-09	-5.681480e-10	-1.089718e+01	-1.456269e+02
1.610000e-06	-2.032313e-09	-5.584477e-10	-1.041675e+01	-1.434227e+02
1.620000e-06	-1.938426e-09	-5.487442e-10	-9.935533e+00	-1.411492e+02
1.630000e-06	-1.844386e-09	-5.399663e-10	-9.453525e+00	-1.388028e+02
1.640000e-06	-1.750208e-09	-5.312325e-10	-8.970808e+00	-1.363826e+02
1.650000e-06	-1.655911e-09	-5.218507e-10	-8.487486e+00	-1.338903e+02
1.660000e-06	-1.561520e-09	-5.122958e-10	-8.003680e+00	-1.313296e+02
1.670000e-06	-1.467061e-09	-5.018004e-10	-7.519525e+00	-1.287055e+02
1.680000e-06	-1.372544e-09	-4.898124e-10	-7.035074e+00	-1.260232e+02
1.690000e-06	-1.277964e-09	-4.777240e-10	-6.550295e+00	-1.232869e+02
1.700000e-06	-1.183312e-09	-4.666050e-10	-6.065150e+00	-1.204994e+02
1.710000e-06	-1.088586e-09	-4.559195e-10	-5.579627e+00	-1.176604e+02
1.720000e-06	-9.937828e-10	-4.448593e-10	-5.093704e+00	-1.147669e+02
1.730000e-06	-8.988961e-10	-4.334158e-10	-4.607356e+00	-1.118121e+02
1.740000e-06	-8.039292e-10	-4.215807e-10	-4.120596e+00	-1.087862e+02
1.750000e-06	-7.088868e-10	-4.091941e-10	-3.633450e+00	-1.056769e+02
1.760000e-06	-6.137702e-10	-3.960379e-10	-3.145923e+00	-1.024699e+02
1.770000e-06	-5.185890e-10	-3.820279e-10	-2.658064e+00	-9.915018e+01
1.780000e-06	-4.233611e-10	-3.674960e-10	-2.169966e+00	-9.570341e+01
1.790000e-06	-3.281063e-10	-3.526592e-10	-1.681730e+00	-9.211685e+01
1.800000e-06	-2.328487e-10	-3.378648e-10	-1.193481e+00	-8.838060e+01
1.810000e-06	-1.376067e-10	-3.236400e-10	-7.053115e-01	-8.448837e+01
1.820000e-06	-4.239739e-11	-3.088228e-10	-2.173086e-01	-8.043803e+01
1.830000e-06	5.277754e-11	-2.920858e-10	2.705178e-01	-7.623174e+01
1.840000e-06	1.479355e-10	-2.744527e-10	7.582566e-01	-7.187568e+01
1.850000e-06	2.430840e-10	-2.568322e-10	1.245948e+00	-6.737951e+01
1.860000e-06	3.382222e-10	-2.388362e-10	1.733586e+00	-6.275547e+01
1.870000e-06	4.333591e-10	-2.204027e-10	2.221216e+00	-5.801732e+01
1.880000e-06	5.284932e-10	-2.018379e-10	2.708833e+00	-5.317922e+01
1.890000e-06	6.236093e-10	-1.826526e-10	3.196357e+00	-4.825463e+01
1.900000e-06	7.186957e-10	-1.624977e-10	3.683729e+00	-4.325545e+01
1.910000e-06	8.137407e-10	-1.420960e-10	4.170890e+00	-3.819129e+01
1.920000e-06	9.087249e-10	-1.217268e-10	4.657740e+00	-3.306920e+01
1.930000e-06	1.003627e-09	-1.011853e-10	5.144168e+00	-2.789361e+01
1.940000e-06	1.098431e-09	-8.058831e-11	5.630094e+00	-2.266673e+01
1.950000e-06	1.193124e-09	-5.985721e-11	6.115450e+00	-1.738911e+01
1.960000e-06	1.287699e-09	-3.883507e-11	6.600199e+00	-1.206049e+01
1.970000e-06	1.382155e-09	-1.738255e-11	7.084340e+00	-6.680747e+00
1.980000e-06	1.476503e-09	4.569891e-12	7.567928e+00	-1.250743e+00
1.990000e-06	1.570758e-09	2.664707e-11	8.051039e+00	4.226810e+00
2.000000e-06	1.664925e-09	4.841335e-11	8.533698e+00	9.746786e+00
2.010000e-06	1.759007e-09	6.991677e-11	9.015918e+00	1.530131e+01
2.020000e-06	1.852998e-09	9.168959e-11	9.497677e+00	2.087973e+01
2.030000e-06	1.946888e-09	1.134969e-10	9.978916e+00	2.646894e+01
2.040000e-06	2.040662e-09	1.349702e-10	1.045956e+01	3.205385e+01
2.050000e-06	2.134308e-09	1.561539e-10	1.093955e+01	3.761822e+01
2.060000e-06	2.227814e-09	1.771570e-10	1.141882e+01	4.314550e+01
2.070000e-06	2.321165e-09	1.982934e-10	1.189730e+01	4.861968e+01
2.080000e-06	2.414350e-09	2.195110e-10	1.237493e+01	5.402615e+01
2.090000e-06	2.507362e-09	2.406705e-10	1.285167e+01	5.935228e+01
2.100000e-06	2.600194e-09	2.616120e-10	1.332749e+01	6.458787e+01
2.110000e-06	2.692843e-09	2.822383e-10	1.380237e+01	6.972525e+01
2.120000e-06	2.785308e-09	3.022792e-10	1.427630e+01	7.475918e+01
2.130000e-06	2.877584e-09	3.212556e-10	1.474927e+01	7.968646e+01
2.140000e-06	2.969664e-09	3.395402e-10	1.522124e+01	8.450537e+01
2.150000e-06	3.061536e-09	3.577500e-10	1.569214e+01	8.921503e+01
2.160000e-06	3.153181e-09	3.757551e-10	1.616187e+01	9.381470e+01
2.170000e-06	3.244573e-09	3.936778e-10	1.663030e+01	9.830320e+01
2.180000e-06	3.335686e-09	4.114544e-10	1.709731e+01	1.026785e+02
2.190000e-06	3.426511e-09	4.284612e-10	1.756283e+01	1.069372e+02
2.200000e-06	3.517046e-09	4.446111e-10	1.802687e+01	1.110752e+02
2.210000e-06	3.607292e-09	4.600839e-10	1.848943e+01	1.150872e+02
2.220000e-06	3.697258e-09	4.746689e-10	1.895055e+01	1.189675e+02
2.230000e-06	3.786941e-09	4.884055e-10	1.941022e+01	1.227107e+02
2.240000e-06	3.876335e-09	5.017683e-10	1.986841e+01	1.263124e+02
2.250000e-06	3.965419e-09	5.148677e-10	2.032501e+01	1.297698e+02
2.260000e-06	4.054171e-09	5.278717e-10	2.077991e+01	1.330821e+02
2.270000e-06	4.142591e-09	5.409303e-10	2.123311e+01	1.362513e+02
2.280000e-06	4.230690e-09	5.533820e-10	2.168467e+01	1.392822e+02
2.290000e-06	4.318478e-09	5.651318e-10	2.213463e+01	1.421823e+02
2.300000e-06	4.405967e-09	5.767002e-10	2.258306e+01	1.449612e+02
2.310000e-06	4.493165e-09	5.874670e-10	2.303000e+01	1.476304e+02
2.320000e-06	4.580077e-09	5.973975e-10	2.347548e+01	1.502024e+02
2.330000e-06	4.666691e-09	6.075537e-10	2.391942e+01	1.526894e+02
2.340000e-06	4.752981e-09	6.178723e-10	2.436171e+01	1.551029e+02
2.350000e-06	4.838932e-09	6.274887e-10	2.480226e+01	1.574529e+02
2.360000e-06	4.924539e-09	6.363401e-10	2.524105e+01	1.597467e+02
2.370000e-06	5.009817e-09	6.452852e-10	2.567814e+01	1.619892e+02
2.380000e-06	5.094787e-09	6.541728e-10	2.611366e+01	1.641826e+02
2.390000e-06	5.179454e-09	6.622362e-10	2.654763e+01	1.663263e+02
2.400000e-06	5.263810e-09	6.701841e-10	2.698001e+01	1.684180e+02
2.410000e-06	5.347836e-09	6.781238e-10	2.741069e+01	1.704537e+02
2.420000e-06	5.431515e-09	6.856642e-10	2.783959e+01	1.724293e+02
2.430000e-06	5.514836e-09	6.933120e-10	2.826666e+01	1.743408e+02
2.440000e-06	5.597804e-09	7.006679e-10	2.869192e+01	1.761855e+02
2.450000e-06	5.680425e-09	7.072971e-10	2.911540e+01	1.779626e+02
2.460000e-06	5.762680e-09	7.138375e-10	2.953700e+01	1.796735e+02
2.470000e-06	5.844530e-09	7.205245e-10	2.995652e+01	1.813221e+02
2.480000e-06	5.925921e-09	7.272090e-10	3.037370e+01	1.829144e+02
2.490000e-06	6.006822e-09	7.337736e-10	3.078836e+01	1.844583e+02
2.500000e-06	6.087222e-09	7.398065e-10	3.120045e+01	1.859628e+02
2.510000e-06	6.167142e-09	7.452869e-10	3.161009e+01	1.874372e+02
2.520000e-06	6.246614e-09	7.511736e-10	3.201742e+01	1.888901e+02
2.530000e-06	6.325634e-09	7.579581e-10	3.242244e+01	1.903289e+02
2.540000e-06	6.404176e-09	7.647063e-10	3.282501e+01	1.917586e+02
2.550000e-06	6.482226e-09	7.708900e-10	3.322505e+01	1.931818e+02
2.560000e-06	6.559798e-09	7.764714e-10	3.362265e+01	1.945982e+02
2.570000e-06	6.636914e-09	7.811895e-10	3.401791e+01	1.960049e+02
2.580000e-06	6.713578e-09	7.855988e-10	3.441086e+01	1.973968e+02
2.590000e-06	6.789738e-09	7.900971e-10	3.480121e+01	1.987670e+02
2.600000e-06	6.865309e-09	7.944949e-10	3.518856e+01	2.001084e+02
2.610000e-06	6.940235e-09	7.995621e-10	3.557259e+01	2.014135e+02
2.620000e-06	7.014516e-09	8.058607e-10	3.595331e+01	2.026764e+02
2.630000e-06	7.088184e-09	8.121065e-10	3.633090e+01	2.038929e+02
2.640000e-06	7.161256e-09	8.170003e-10	3.670542e+01	2.050612e+02
2.650000e-06	7.233731e-09	8.207704e-10	3.707689e+01	2.061826e+02
2.660000e-06	7.305630e-09	8.240122e-10	3.744541e+01	2.072606e+02
2.670000e-06	7.377012e-09	8.277085e-10	3.781129e+01	2.083015e+02
2.680000e-06	7.447928e-09	8.324467e-10	3.817477e+01	2.093130e+02
2.690000e-06	7.518368e-09	8.373615e-10	3.853582e+01	2.103039e+02
2.700000e-06	7.588295e-09	8.416133e-10	3.889423e+01	2.112830e+02
2.710000e-06	7.657701e-09	8.453991e-10	3.924997e+01	2.122580e+02
2.720000e-06	7.726617e-09	8.490788e-10	3.960321e+01	2.132347e+02
2.730000e-06	7.795053e-09	8.527730e-10	3.995398e+01	2.142168e+02
2.740000e-06	7.862955e-09	8.566722e-10	4.030202e+01	2.152048e+02
2.750000e-06	7.930250e-09	8.607122e-10	4.064694e+01	2.161966e+02
2.760000e-06	7.996883e-09	8.647739e-10	4.098847e+01	2.171876e+02
2.770000e-06	8.062828e-09	8.687436e-10	4.132647e+01	2.181709e+02
2.780000e-06	8.128092e-09	8.724802e-10	4.166098e+01	2.191389e+02
2.790000e-06	8.192708e-09	8.758471e-10	4.199217e+01	2.200833e+02
2.800000e-06	8.256725e-09	8.787003e-10	4.232029e+01	2.209968e+02
2.810000e-06	8.320202e-09	8.815022e-10	4.264564e+01	2.218737e+02
2.820000e-06	8.383180e-09	8.849411e-10	4.296845e+01	2.227105e+02
2.830000e-06	8.445648e-09	8.888719e-10	4.328863e+01	2.235064e+02
2.840000e-06	8.507566e-09	8.930075e-10	4.360599e+01	2.242637e+02
2.850000e-06	8.568928e-09	8.969334e-10	4.392051e+01	2.249872e+02
2.860000e-06	8.629767e-09	8.998097e-10	4.423234e+01	2.256835e+02
2.870000e-06	8.690084e-09	9.020708e-10	4.454150e+01	2.263611e+02
2.880000e-06	8.749814e-09	9.044764e-10	4.484765e+01	2.270284e+02
2.890000e-06	8.808841e-09	9.069642e-10	4.515019e+01	2.276934e+02
2.900000e-06	8.867068e-09	9.098111e-10	4.544864e+01	2.283626e+02
2.910000e-06	8.924482e-09	9.130762e-10	4.574291e+01	2.290402e+02
2.920000e-06	8.981137e-09	9.166404e-10	4.603330e+01	2.297277e+02
2.930000e-06	9.037126e-09	9.198776e-10	4.632027e+01	2.304238e+02
2.940000e-06	9.092527e-09	9.222955e-10	4.660423e+01	2.311244e+02
2.950000e-06	9.147368e-09	9.242088e-10	4.688532e+01	2.318231e+02
2.960000e-06	9.201612e-09	9.257480e-10	4.716335e+01	2.325122e+02
2.970000e-06	9.255210e-09	9.275924e-10	4.743807e+01	2.331837e+02
2.980000e-06	9.308137e-09	9.303315e-10	4.770935e+01	2.338297e+02
2.990000e-06	9.360333e-09	9.331465e-10	4.797688e+01	2.344443e+02
3.000000e-06	9.411691e-09	9.353630e-10	4.824011e+01	2.350236e+02
3.010000e-06	9.462109e-09	9.376778e-10	4.849853e+01	2.355666e+02
3.020000e-06	9.511569e-09	9.401225e-10	4.875203e+01	2.360753e+02
3.030000e-06	9.560160e-09	9.423088e-10	4.900109e+01	2.365547e+02
3.040000e-06	9.608005e-09	9.446436e-10	4.924632e+01	2.370121e+02
3.050000e-06	9.655183e-09	9.468510e-10	4.948813e+01	2.374562e+02
3.060000e-06	9.701700e-09	9.485354e-10	4.972656e+01	2.378965e+02
3.070000e-06	9.747532e-09	9.500807e-10	4.996148e+01	2.383419e+02
3.080000e-06	9.792694e-09	9.518947e-10	5.019296e+01	2.387995e+02
3.090000e-06	9.837262e-09	9.537107e-10	5.042139e+01	2.392743e+02
3.100000e-06	9.881298e-09	9.553688e-10	5.064711e+01	2.397679e+02
3.110000e-06	9.924750e-09	9.574997e-10	5.086982e+01	2.402787e+02
3.120000e-06	9.967422e-09	9.600823e-10	5.108854e+01	2.408018e+02
3.130000e-06	1.000914e-08	9.622485e-10	5.130237e+01	2.413296e+02
3.140000e-06	1.004994e-08	9.639065e-10	5.151149e+01	2.418527e+02
3.150000e-06	1.008999e-08	9.652153e-10	5.171677e+01	2.423608e+02
3.160000e-06	1.012939e-08	9.662698e-10	5.191873e+01	2.428442e+02
3.170000e-06	1.016812e-08	9.674125e-10	5.211724e+01	2.432946e+02
3.180000e-06	1.020613e-08	9.688181e-10	5.231204e+01	2.437066e+02
3.190000e-06	1.024340e-08	9.704271e-10	5.250309e+01	2.440780e+02
3.200000e-06	1.028001e-08	9.717832e-10	5.269073e+01	2.444103e+02
3.210000e-06	1.031604e-08	9.729679e-10	5.287541e+01	2.447091e+02
3.220000e-06	1.035146e-08	9.741040e-10	5.305697e+01	2.449827e+02
3.230000e-06	1.038607e-08	9.752176e-10	5.323436e+01	2.452423e+02
3.240000e-06	1.041971e-08	9.764970e-10	5.340675e+01	2.454997e+02
3.250000e-06	1.045242e-08	9.774317e-10	5.357443e+01	2.457672e+02
3.260000e-06	1.048440e-08	9.782323e-10	5.373833e+01	2.460550e+02
3.270000e-06	1.051572e-08	9.796181e-10	5.389887e+01	2.463709e+02
3.280000e-06	1.054634e-08	9.812046e-10	5.405582e+01	2.467190e+02
3.290000e-06	1.057622e-08	9.823441e-10	5.420896e+01	2.470991e+02
3.300000e-06	1.060534e-08	9.830565e-10	5.435824e+01	2.475070e+02
3.310000e-06	1.063380e-08	9.837928e-10	5.450407e+01	2.479342e+02
3.320000e-06	1.066167e-08	9.847817e-10	5.464694e+01	2.483695e+02
3.330000e-06	1.068885e-08	9.861003e-10	5.478624e+01	2.487999e+02
3.340000e-06	1.071505e-08	9.872811e-10	5.492052e+01	2.492120e+02
3.350000e-06	1.074018e-08	9.877561e-10	5.504934e+01	2.495937e+02
3.360000e-06	1.076445e-08	9.880301e-10	5.517375e+01	2.499354e+02
3.370000e-06	1.078802e-08	9.889215e-10	5.529458e+01	2.502314e+02
3.380000e-06	1.081088e-08	9.905329e-10	5.541174e+01	2.504804e+02
3.390000e-06	1.083300e-08	9.919690e-10	5.552510e+01	2.506860e+02
3.400000e-06	1.085437e-08	9.925622e-10	5.563461e+01	2.508560e+02
3.410000e-06	1.087502e-08	9.930768e-10	5.574047e+01	2.510021e+02
3.420000e-06	1.089507e-08	9.941900e-10	5.584323e+01	2.511379e+02
3.430000e-06	1.091450e-08	9.955997e-10	5.594283e+01	2.512780e+02
3.440000e-06	1.093313e-08	9.967574e-10	5.603832e+01	2.514359e+02
3.450000e-06	1.095088e-08	9.969189e-10	5.612932e+01	2.516226e+02
3.460000e-06	1.096785e-08	9.963159e-10	5.621628e+01	2.518447e+02
3.470000e-06	1.098403e-08	9.964529e-10	5.629921e+01	2.521042e+02
3.480000e-06	1.099930e-08	9.977727e-10	5.637746e+01	2.523973e+02
3.490000e-06	1.101366e-08	9.990648e-10	5.645107e+01	2.527152e+02
3.500000e-06	1.102721e-08	9.997022e-10	5.652051e+01	2.530446e+02
3.510000e-06	1.103996e-08	1.000165e-09	5.658591e+01	2.533693e+02
3.520000e-06	1.105194e-08	1.000520e-09	5.664730e+01	2.536717e+02
3.530000e-06	1.106302e-08	1.001091e-09	5.670409e+01	2.539352e+02
3.540000e-06	1.107297e-08	1.001531e-09	5.675510e+01	2.541457e+02
3.550000e-06	1.108183e-08	1.001553e-09	5.680049e+01	2.542938e+02
3.560000e-06	1.108989e-08	1.001747e-09	5.684181e+01	2.543762e+02
3.570000e-06	1.109728e-08	1.002424e-09	5.687966e+01	2.543957e+02
3.580000e-06	1.110389e-08	1.003585e-09	5.691358e+01	2.543622e+02
3.590000e-06	1.110971e-08	1.004400e-09	5.694337e+01	2.542911e+02
3.600000e-06	1.111473e-08	1.004658e-09	5.696910e+01	2.542023e+02
3.610000e-06	1.111907e-08	1.004416e-09	5.699138e+01	2.541181e+02
3.620000e-06	1.112285e-08	1.004080e-09	5.701072e+01	2.540606e+02
3.630000e-06	1.112585e-08	1.004534e-09	5.702614e+01	2.540494e+02
3.640000e-06	1.112780e-08	1.005122e-09	5.703612e+01	2.540991e+02
3.650000e-06	1.112870e-08	1.004972e-09	5.704073e+01	2.542172e+02
3.660000e-06	1.112883e-08	1.004807e-09	5.704137e+01	2.544033e+02
3.670000e-06	1.112830e-08	1.005101e-09	5.703866e+01	2.546478e+02
3.680000e-06	1.112704e-08	1.005418e-09	5.703222e+01	2.549330e+02
3.690000e-06	1.112506e-08	1.005743e-09	5.702206e+01	2.552345e+02
3.700000e-06	1.112236e-08	1.005921e-09	5.700821e+01	2.555227e+02
3.710000e-06	1.111897e-08	1.005462e-09	5.699087e+01	2.557660e+02
3.720000e-06	1.111505e-08	1.004680e-09	5.697076e+01	2.559342e+02
3.730000e-06	1.111057e-08	1.003506e-09	5.694781e+01	2.560012e+02
3.740000e-06	1.110526e-08	1.001969e-09	5.692058e+01	2.559481e+02
3.750000e-06	1.109887e-08	1.005836e-09	5.688784e+01	2.557655e+02
3.760000e-06	1.109136e-08	1.015400e-09	5.684935e+01	2.554549e+02
3.770000e-06	1.108263e-08	1.019535e-09	5.680457e+01	2.550292e+02
3.780000e-06	1.107253e-08	1.010797e-09	5.675284e+01	2.545119e+02
3.790000e-06	1.106150e-08	9.966771e-10	5.669630e+01	2.539350e+02
3.800000e-06	1.105025e-08	9.924604e-10	5.663863e+01	2.533369e+02
3.810000e-06	1.103876e-08	9.972307e-10	5.657971e+01	2.527581e+02
3.820000e-06	1.102620e-08	9.919211e-10	5.651536e+01	2.522380e+02
3.830000e-06	1.101224e-08	9.817170e-10	5.644381e+01	2.518107e+02
3.840000e-06	1.099741e-08	9.773362e-10	5.636779e+01	2.515015e+02
3.850000e-06	1.098201e-08	9.781153e-10	5.628887e+01	2.513242e+02
3.860000e-06	1.096577e-08	9.912782e-10	5.620560e+01	2.512796e+02
3.870000e-06	1.094869e-08	1.007247e-09	5.611806e+01	2.513546e+02
3.880000e-06	1.093107e-08	1.006359e-09	5.602775e+01	2.515235e+02
3.890000e-06	1.091281e-08	9.799258e-10	5.593416e+01	2.517497e+02
3.900000e-06	1.089372e-08	9.581590e-10	5.583631e+01	2.519891e+02
3.910000e-06	1.087395e-08	9.551063e-10	5.573500e+01	2.521945e+02
3.920000e-06	1.085350e-08	9.555103e-10	5.563015e+01	2.523193e+02
3.930000e-06	1.083193e-08	9.707427e-10	5.551962e+01	2.523229e+02
3.940000e-06	1.080917e-08	1.002296e-09	5.540297e+01	2.521743e+02
3.950000e-06	1.078558e-08	1.019034e-09	5.528204e+01	2.518555e+02
3.960000e-06	1.076135e-08	1.013891e-09	5.515785e+01	2.513639e+02
3.970000e-06	1.073645e-08	1.012770e-09	5.503022e+01	2.507128e+02
3.980000e-06	1.071085e-08	1.002477e-09	5.489899e+01	2.499309e+02
3.990000e-06	1.068450e-08	9.683777e-10	5.476392e+01	2.490605e+02
4.000000e-06	1.065740e-08	9.474812e-10	5.462505e+01	2.481536e+02
4.010000e-06	1.062967e-08	9.414518e-10	5.448290e+01	2.472678e+02
4.020000e-06	1.060132e-08	9.216637e-10	5.433759e+01	2.464616e+02
4.030000e-06	1.057219e-08	9.177022e-10	5.418831e+01	2.457893e+02
4.040000e-06	1.054207e-08	9.335609e-10	5.403393e+01	2.452959e+02
4.050000e-06	1.051092e-08	9.311963e-10	5.387427e+01	2.450139e+02
4.060000e-06	1.047896e-08	9.391221e-10	5.371044e+01	2.449597e+02
4.070000e-06	1.044627e-08	9.626548e-10	5.354288e+01	2.451326e+02
4.080000e-06	1.041274e-08	9.553550e-10	5.337104e+01	2.455148e+02
4.090000e-06	1.037844e-08	9.546740e-10	5.319524e+01	2.460726e+02
4.100000e-06	1.034355e-08	9.728737e-10	5.301637e+01	2.467599e+02
4.110000e-06	1.030808e-08	9.620534e-10	5.283458e+01	2.475215e+02
4.120000e-06	1.027200e-08	9.609952e-10	5.264963e+01	2.482979e+02
4.130000e-06	1.023521e-08	9.827586e-10	5.246109e+01	2.490305e+02
4.140000e-06	1.019752e-08	9.763166e-10	5.226791e+01	2.496658e+02
4.150000e-06	1.015881e-08	9.683308e-10	5.206948e+01	2.501600e+02
4.160000e-06	1.011924e-08	9.811806e-10	5.186667e+01	2.504819e+02
4.170000e-06	1.007902e-08	9.798642e-10	5.166053e+01	2.506149e+02
4.180000e-06	1.003815e-08	9.721723e-10	5.145105e+01	2.505576e+02
4.190000e-06	9.996571e-09	9.737072e-10	5.123792e+01	2.503230e+02
4.200000e-06	9.954267e-09	9.733471e-10	5.102109e+01	2.499365e+02
4.210000e-06	9.911269e-09	9.737851e-10	5.080070e+01	2.494329e+02
4.220000e-06	9.867610e-09	9.733468e-10	5.057692e+01	2.488526e+02
4.230000e-06	9.823326e-09	9.699251e-10	5.034993e+01	2.482378e+02
4.240000e-06	9.778425e-09	9.697505e-10	5.011979e+01	2.476282e+02
4.250000e-06	9.732861e-09	9.662099e-10	4.988625e+01	2.470576e+02
4.260000e-06	9.686599e-09	9.616078e-10	4.964914e+01	2.465515e+02
4.270000e-06	9.639663e-09	9.648890e-10	4.940856e+01	2.461246e+02
4.280000e-06	9.592032e-09	9.670790e-10	4.916443e+01	2.457810e+02
4.290000e-06	9.543637e-09	9.626213e-10	4.891638e+01	2.455141e+02
4.300000e-06	9.494465e-09	9.601554e-10	4.866435e+01	2.453084e+02
4.310000e-06	9.444544e-09	9.611292e-10	4.840848e+01	2.451414e+02
4.320000e-06	9.393885e-09	9.584225e-10	4.814882e+01	2.449870e+02
4.330000e-06	9.342465e-09	9.539873e-10	4.788526e+01	2.448182e+02
4.340000e-06	9.290217e-09	9.535816e-10	4.761746e+01	2.446102e+02
4.350000e-06	9.237065e-09	9.526448e-10	4.734504e+01	2.443427e+02
4.360000e-06	9.182995e-09	9.498237e-10	4.706790e+01	2.440024e+02
4.370000e-06	9.128082e-09	9.496050e-10	4.678644e+01	2.435836e+02
4.380000e-06	9.072450e-09	9.483877e-10	4.650130e+01	2.430884e+02
4.390000e-06	9.016222e-09	9.438794e-10	4.621310e+01	2.425266e+02
4.400000e-06	8.959462e-09	9.403415e-10	4.592216e+01	2.419137e+02
4.410000e-06	8.902149e-09	9.393878e-10	4.562840e+01	2.412690e+02
4.420000e-06	8.844221e-09	9.394853e-10	4.533149e+01	2.406137e+02
4.430000e-06	8.785668e-09	9.380995e-10	4.503137e+01	2.399680e+02
4.440000e-06	8.726521e-09	9.354556e-10	4.472821e+01	2.393492e+02
4.450000e-06	8.666791e-09	9.328110e-10	4.442205e+01	2.387697e+02
4.460000e-06	8.606433e-09	9.294841e-10	4.411268e+01	2.382361e+02
4.470000e-06	8.545370e-09	9.267675e-10	4.379971e+01	2.377486e+02
4.480000e-06	8.483553e-09	9.255795e-10	4.348286e+01	2.373011e+02
4.490000e-06	8.420965e-09	9.243405e-10	4.316207e+01	2.368823e+02
4.500000e-06	8.357662e-09	9.221199e-10	4.283760e+01	2.364772e+02
4.510000e-06	8.293722e-09	9.197216e-10	4.250987e+01	2.360686e+02
4.520000e-06	8.229247e-09	9.173747e-10	4.217940e+01	2.356397e+02
4.530000e-06	8.164295e-09	9.137582e-10	4.184648e+01	2.351752e+02
4.540000e-06	8.098837e-09	9.097065e-10	4.151097e+01	2.346636e+02
4.550000e-06	8.032835e-09	9.073937e-10	4.117267e+01	2.340981e+02
4.560000e-06	7.966295e-09	9.059542e-10	4.083162e+01	2.334769e+02
4.570000e-06	7.899235e-09	9.048799e-10	4.048790e+01	2.328036e+02
4.580000e-06	7.831626e-09	9.038299e-10	4.014136e+01	2.320864e+02
4.590000e-06	7.763450e-09	9.011790e-10	3.979191e+01	2.313369e+02
4.600000e-06	7.694668e-09	8.970817e-10	3.943937e+01	2.305689e+02
4.610000e-06	7.625207e-09	8.933339e-10	3.908335e+01	2.297961e+02
4.620000e-06	7.555085e-09	8.905278e-10	3.872394e+01	2.290314e+02
4.630000e-06	7.484360e-09	8.878634e-10	3.836144e+01	2.282845e+02
4.640000e-06	7.413019e-09	8.851860e-10	3.799578e+01	2.275613e+02
4.650000e-06	7.341064e-09	8.825942e-10	3.762697e+01	2.268635e+02
4.660000e-06	7.268610e-09	8.797129e-10	3.725559e+01	2.261879e+02
4.670000e-06	7.195756e-09	8.766480e-10	3.688217e+01	2.255273e+02
4.680000e-06	7.122513e-09	8.732808e-10	3.650676e+01	2.248713e+02
4.690000e-06	7.048846e-09	8.693115e-10	3.612917e+01	2.242076e+02
4.700000e-06	6.974678e-09	8.654250e-10	3.574902e+01	2.235232e+02
4.710000e-06	6.899923e-09	8.626979e-10	3.536586e+01	2.228063e+02
4.720000e-06	6.824572e-09	8.606155e-10	3.497965e+01	2.220474e+02
4.730000e-06	6.748637e-09	8.579777e-10	3.459044e+01	2.212404e+02
4.740000e-06	6.672094e-09	8.545895e-10	3.419812e+01	2.203830e+02
4.750000e-06	6.594979e-09	8.505363e-10	3.380287e+01	2.194774e+02
4.760000e-06	6.517325e-09	8.464151e-10	3.340485e+01	2.185295e+02
4.770000e-06	6.439113e-09	8.428333e-10	3.300398e+01	2.175483e+02
4.780000e-06	6.360360e-09	8.398404e-10	3.260033e+01	2.165449e+02
4.790000e-06	6.281090e-09	8.367447e-10	3.219403e+01	2.155309e+02
4.800000e-06	6.201292e-09	8.329317e-10	3.178502e+01	2.145172e+02
4.810000e-06	6.121009e-09	8.290799e-10	3.137353e+01	2.135129e+02
4.820000e-06	6.040361e-09	8.256046e-10	3.096016e+01	2.125237e+02
4.830000e-06	5.959415e-09	8.216551e-10	3.054526e+01	2.115519e+02
4.840000e-06	5.878131e-09	8.171320e-10	3.012864e+01	2.105956e+02
4.850000e-06	5.796428e-09	8.124818e-10	2.970987e+01	2.096492e+02
4.860000e-06	5.714257e-09	8.082575e-10	2.928869e+01	2.087039e+02
4.870000e-06	5.631637e-09	8.049234e-10	2.886522e+01	2.077488e+02
4.880000e-06	5.548646e-09	8.017616e-10	2.843984e+01	2.067719e+02
4.890000e-06	5.465359e-09	7.979558e-10	2.801294e+01	2.057616e+02
4.900000e-06	5.381771e-09	7.935406e-10	2.758450e+01	2.047080e+02
4.910000e-06	5.297812e-09	7.888833e-10	2.715416e+01	2.036035e+02
4.920000e-06	5.213442e-09	7.846832e-10	2.672172e+01	2.024444e+02
4.930000e-06	5.128676e-09	7.806096e-10	2.628724e+01	2.012301e+02
4.940000e-06	5.043536e-09	7.759576e-10	2.585086e+01	1.999641e+02
4.950000e-06	4.958037e-09	7.706494e-10	2.541263e+01	1.986529e+02
4.960000e-06	4.872189e-09	7.648096e-10	2.497262e+01	1.973053e+02
4.970000e-06	4.785998e-09	7.591458e-10	2.453085e+01	1.959313e+02
4.980000e-06	4.699452e-09	7.539758e-10	2.408725e+01	1.945410e+02
4.990000e-06	4.612506e-09	7.494503e-10	2.364161e+01	1.931432e+02
5.000000e-06	4.525114e-09	7.449989e-10	2.319368e+01	1.917447e+02
5.010000e-06	4.437273e-09	7.401457e-10	2.274344e+01	1.903491e+02
5.020000e-06	4.349046e-09	7.354290e-10	2.229123e+01	1.889567e+02
5.030000e-06	4.260529e-09	7.301563e-10	2.183753e+01	1.875643e+02
5.040000e-06	4.171785e-09	7.237419e-10	2.138266e+01	1.861658e+02
5.050000e-06	4.082823e-09	7.168227e-10	2.092667e+01	1.847527e+02
5.060000e-06	3.993632e-09	7.099931e-10	2.046952e+01	1.833149e+02
5.070000e-06	3.904204e-09	7.040112e-10	2.001115e+01	1.818424e+02
5.080000e-06	3.814539e-09	6.989130e-10	1.955157e+01	1.803258e+02
5.090000e-06	3.724639e-09	6.941128e-10	1.909078e+01	1.787578e+02
5.100000e-06	3.634502e-09	6.888657e-10	1.862877e+01	1.771335e+02
5.110000e-06	3.544126e-09	6.822847e-10	1.816555e+01	1.754513e+02
5.120000e-06	3.453522e-09	6.746042e-10	1.770115e+01	1.737128e+02
5.130000e-06	3.362697e-09	6.672297e-10	1.723562e+01	1.719226e+02
5.140000e-06	3.271641e-09	6.605902e-10	1.676890e+01	1.700875e+02
5.150000e-06	3.180336e-09	6.538543e-10	1.630091e+01	1.682158e+02
5.160000e-06	3.088775e-09	6.467711e-10	1.583161e+01	1.663163e+02
5.170000e-06	2.996968e-09	6.397642e-10	1.536104e+01	1.643968e+02
5.180000e-06	2.904938e-09	6.327662e-10	1.488934e+01	1.624638e+02
5.190000e-06	2.812709e-09	6.254380e-10	1.441661e+01	1.605210e+02
5.200000e-06	2.720287e-09	6.175562e-10	1.394289e+01	1.585692e+02
5.210000e-06	2.627674e-09	6.090174e-10	1.346821e+01	1.566060e+02
5.220000e-06	2.534866e-09	6.005072e-10	1.299252e+01	1.546262e+02
5.230000e-06	2.441866e-09	5.926727e-10	1.251584e+01	1.526218e+02
5.240000e-06	2.348690e-09	5.851413e-10	1.203827e+01	1.505834e+02
5.250000e-06	2.255345e-09	5.770344e-10	1.155982e+01	1.485009e+02
5.260000e-06	2.161832e-09	5.679165e-10	1.108052e+01	1.463644e+02
5.270000e-06	2.068163e-09	5.587653e-10	1.060042e+01	1.441654e+02
5.280000e-06	1.974340e-09	5.506746e-10	1.011953e+01	1.418976e+02
5.290000e-06	1.880357e-09	5.424959e-10	9.637820e+00	1.395569e+02
5.300000e-06	1.786220e-09	5.330387e-10	9.155322e+00	1.371425e+02
5.310000e-06	1.691953e-09	5.224660e-10	8.672156e+00	1.346558e+02
5.320000e-06	1.597582e-09	5.112968e-10	8.188453e+00	1.321003e+02
5.330000e-06	1.503121e-09	5.002988e-10	7.704295e+00	1.294811e+02
5.340000e-06	1.408577e-09	4.901474e-10	7.219708e+00	1.268032e+02
5.350000e-06	1.313947e-09	4.810916e-10	6.734682e+00	1.240713e+02
5.360000e-06	1.219220e-09	4.719150e-10	6.249157e+00	1.212879e+02
5.370000e-06	1.124383e-09	4.614276e-10	5.763066e+00	1.184532e+02
5.380000e-06	1.029434e-09	4.499413e-10	5.276400e+00	1.155643e+02
5.390000e-06	9.343811e-10	4.376564e-10	4.789201e+00	1.126146e+02
5.400000e-06	8.392342e-10	4.244328e-10	4.301522e+00	1.095948e+02
5.410000e-06	7.439951e-10	4.109478e-10	3.813370e+00	1.064924e+02
5.420000e-06	6.486710e-10	3.983816e-10	3.324782e+00	1.032933e+02
5.430000e-06	5.532748e-10	3.863742e-10	2.835825e+00	9.998268e+01
5.440000e-06	4.578272e-10	3.739435e-10	2.346603e+00	9.654594e+01
5.450000e-06	3.623540e-10	3.604047e-10	1.857249e+00	9.297026e+01
5.460000e-06	2.668736e-10	3.446287e-10	1.367859e+00	8.924548e+01
5.470000e-06	1.714001e-10	3.274750e-10	8.785051e-01	8.536506e+01
5.480000e-06	7.594545e-11	3.106920e-10	3.892467e-01	8.132654e+01
5.490000e-06	-1.948302e-11	2.947751e-10	-9.987680e-02	7.713179e+01
5.500000e-06	-1.148870e-10	2.794236e-10	-5.888744e-01	7.278673e+01
5.510000e-06	-2.102772e-10	2.638177e-10	-1.077802e+00	6.830078e+01
5.520000e-06	-3.056651e-10	2.467642e-10	-1.566715e+00	6.368603e+01
5.530000e-06	-4.010498e-10	2.277753e-10	-2.055613e+00	5.895616e+01
5.540000e-06	-4.964234e-10	2.076855e-10	-2.544455e+00	5.412534e+01
5.550000e-06	-5.917692e-10	1.873748e-10	-3.033154e+00	4.920710e+01
5.560000e-06	-6.870693e-10	1.674606e-10	-3.521618e+00	4.421348e+01
5.570000e-06	-7.823048e-10	1.478474e-10	-4.009750e+00	3.915427e+01
5.580000e-06	-8.774590e-10	1.286843e-10	-4.497464e+00	3.403668e+01
5.590000e-06	-9.725204e-10	1.099268e-10	-4.984703e+00	2.886535e+01
5.600000e-06	-1.067468e-09	9.030685e-11	-5.471357e+00	2.364261e+01
5.610000e-06	-1.162283e-09	6.907996e-11	-5.957333e+00	1.836913e+01
5.620000e-06	-1.256963e-09	4.703709e-11	-6.442619e+00	1.304466e+01
5.630000e-06	-1.351512e-09	2.538151e-11	-6.927234e+00	7.669049e+00
5.640000e-06	-1.445942e-09	4.547270e-12	-7.411236e+00	2.243064e+00
5.650000e-06	-1.540263e-09	-1.548363e-11	-7.894677e+00	-3.230732e+00
5.660000e-06	-1.634478e-09	-3.584388e-11	-8.377576e+00	-8.747396e+00
5.670000e-06	-1.728590e-09	-5.786465e-11	-8.859945e+00	-1.429925e+01
5.680000e-06	-1.822593e-09	-8.033693e-11	-9.341761e+00	-1.987584e+01
5.690000e-06	-1.916479e-09	-1.022962e-10	-9.822971e+00	-2.546420e+01
5.700000e-06	-2.010231e-09	-1.240953e-10	-1.030350e+01	-3.104938e+01
5.710000e-06	-2.103838e-09	-1.457560e-10	-1.078328e+01	-3.661520e+01
5.720000e-06	-2.197289e-09	-1.675534e-10	-1.126227e+01	-4.214509e+01
5.730000e-06	-2.290567e-09	-1.890802e-10	-1.174036e+01	-4.762299e+01
5.740000e-06	-2.383652e-09	-2.096925e-10	-1.221747e+01	-5.303416e+01
5.750000e-06	-2.476526e-09	-2.299129e-10	-1.269350e+01	-5.836583e+01
5.760000e-06	-2.569173e-09	-2.508224e-10	-1.316837e+01	-6.360761e+01
5.770000e-06	-2.661586e-09	-2.717801e-10	-1.364203e+01	-6.875167e+01
5.780000e-06	-2.753770e-09	-2.914685e-10	-1.411453e+01	-7.379259e+01
5.790000e-06	-2.845737e-09	-3.104297e-10	-1.458591e+01	-7.872704e+01
5.800000e-06	-2.937492e-09	-3.291450e-10	-1.505620e+01	-8.355323e+01
5.810000e-06	-3.029037e-09	-3.477710e-10	-1.552543e+01	-8.827024e+01
5.820000e-06	-3.120370e-09	-3.668833e-10	-1.599357e+01	-9.287733e+01
5.830000e-06	-3.211488e-09	-3.855362e-10	-1.646060e+01	-9.737337e+01
5.840000e-06	-3.302383e-09	-4.028630e-10	-1.692649e+01	-1.017563e+02
5.850000e-06	-3.393048e-09	-4.192866e-10	-1.739120e+01	-1.060231e+02
5.860000e-06	-3.483476e-09	-4.352681e-10	-1.785470e+01	-1.101694e+02
5.870000e-06	-3.573664e-09	-4.510603e-10	-1.831696e+01	-1.141901e+02
5.880000e-06	-3.663603e-09	-4.663799e-10	-1.877795e+01	-1.180795e+02
5.890000e-06	-3.753284e-09	-4.810121e-10	-1.923762e+01	-1.218322e+02
5.900000e-06	-3.842708e-09	-4.952953e-10	-1.969597e+01	-1.254437e+02
5.910000e-06	-3.931882e-09	-5.095827e-10	-2.015304e+01	-1.289109e+02
5.920000e-06	-4.020809e-09	-5.232404e-10	-2.060884e+01	-1.322330e+02
5.930000e-06	-4.109489e-09	-5.353835e-10	-2.106338e+01	-1.354119e+02
5.940000e-06	-4.197927e-09	-5.464528e-10	-2.151667e+01	-1.384519e+02
5.950000e-06	-4.286106e-09	-5.574600e-10	-2.196864e+01	-1.413605e+02
5.960000e-06	-4.373986e-09	-5.690228e-10	-2.241908e+01	-1.441473e+02
5.970000e-06	-4.461520e-09	-5.806388e-10	-2.286774e+01	-1.468235e+02
5.980000e-06	-4.548676e-09	-5.912234e-10	-2.331446e+01	-1.494015e+02
5.990000e-06	-4.635439e-09	-6.006597e-10	-2.375917e+01	-1.518937e+02
6.000000e-06	-4.721810e-09	-6.100509e-10	-2.420186e+01	-1.543117e+02
6.010000e-06	-4.807803e-09	-6.199835e-10	-2.464262e+01	-1.566655e+02
6.020000e-06	-4.893429e-09	-6.294645e-10	-2.508150e+01	-1.589627e+02
6.030000e-06	-4.978686e-09	-6.379132e-10	-2.551848e+01	-1.612083e+02
6.040000e-06	-5.063551e-09	-6.458465e-10	-2.595346e+01	-1.634047e+02
6.050000e-06	-5.148008e-09	-6.538057e-10	-2.638635e+01	-1.655515e+02
6.060000e-06	-5.232055e-09	-6.618542e-10	-2.681714e+01	-1.676465e+02
6.070000e-06	-5.315717e-09	-6.699108e-10	-2.724595e+01	-1.696859e+02
6.080000e-06	-5.399027e-09	-6.775688e-10	-2.767297e+01	-1.716654e+02
6.090000e-06	-5.482011e-09	-6.843406e-10	-2.809831e+01	-1.735810e+02
6.100000e-06	-5.564673e-09	-6.907338e-10	-2.852200e+01	-1.754301e+02
6.110000e-06	-5.646985e-09	-6.977026e-10	-2.894390e+01	-1.772115e+02
6.120000e-06	-5.728914e-09	-7.048575e-10	-2.936383e+01	-1.789265e+02
6.130000e-06	-5.810438e-09	-7.113594e-10	-2.978170e+01	-1.805789e+02
6.140000e-06	-5.891569e-09	-7.172715e-10	-3.019754e+01	-1.821744e+02
6.150000e-06	-5.972332e-09	-7.231529e-10	-3.061150e+01	-1.837210e+02
6.160000e-06	-6.052709e-09	-7.294286e-10	-3.102348e+01	-1.852275e+02
6.170000e-06	-6.132634e-09	-7.353678e-10	-3.143314e+01	-1.867033e+02
6.180000e-06	-6.212046e-09	-7.406480e-10	-3.184017e+01	-1.881570e+02
6.190000e-06	-6.290921e-09	-7.459449e-10	-3.224445e+01	-1.895961e+02
6.200000e-06	-6.369276e-09	-7.515474e-10	-3.264606e+01	-1.910259e+02
6.210000e-06	-6.447127e-09	-7.573868e-10	-3.304508e+01	-1.924490e+02
6.220000e-06	-6.524458e-09	-7.630554e-10	-3.344144e+01	-1.938655e+02
6.230000e-06	-6.601225e-09	-7.680171e-10	-3.383490e+01	-1.952725e+02
6.240000e-06	-6.677390e-09	-7.724068e-10	-3.422529e+01	-1.966651e+02
6.250000e-06	-6.752979e-09	-7.768774e-10	-3.461272e+01	-1.980367e+02
6.260000e-06	-6.828050e-09	-7.818264e-10	-3.499750e+01	-1.993798e+02
6.270000e-06	-6.902621e-09	-7.869317e-10	-3.537972e+01	-2.006872e+02
6.280000e-06	-6.976675e-09	-7.917152e-10	-3.575929e+01	-2.019527e+02
6.290000e-06	-7.050214e-09	-7.965516e-10	-3.613622e+01	-2.031721e+02
6.300000e-06	-7.123277e-09	-8.013509e-10	-3.651070e+01	-2.043434e+02
6.310000e-06	-7.195904e-09	-8.055854e-10	-3.688296e+01	-2.054674e+02
6.320000e-06	-7.268089e-09	-8.094272e-10	-3.725295e+01	-2.065479e+02
6.330000e-06	-7.339782e-09	-8.133616e-10	-3.762042e+01	-2.075906e+02
6.340000e-06	-7.410934e-09	-8.177930e-10	-3.798512e+01	-2.086035e+02
6.350000e-06	-7.481509e-09	-8.223700e-10	-3.834685e+01	-2.095951e+02
6.360000e-06	-7.551487e-09	-8.265074e-10	-3.870552e+01	-2.105743e+02
6.370000e-06	-7.620860e-09	-8.301042e-10	-3.906109e+01	-2.115489e+02
6.380000e-06	-7.689629e-09	-8.333396e-10	-3.941357e+01	-2.125249e+02
6.390000e-06	-7.757793e-09	-8.367047e-10	-3.976295e+01	-2.135060e+02
6.400000e-06	-7.825376e-09	-8.401365e-10	-4.010935e+01	-2.144931e+02
6.410000e-06	-7.892432e-09	-8.435714e-10	-4.045305e+01	-2.154843e+02
6.420000e-06	-7.958974e-09	-8.474803e-10	-4.079412e+01	-2.164750e+02
6.430000e-06	-8.024967e-09	-8.517285e-10	-4.113237e+01	-2.174587e+02
6.440000e-06	-8.090390e-09	-8.557980e-10	-4.146770e+01	-2.184275e+02
6.450000e-06	-8.155270e-09	-8.593354e-10	-4.180025e+01	-2.193733e+02
6.460000e-06	-8.219637e-09	-8.623040e-10	-4.213017e+01	-2.202887e+02
6.470000e-06	-8.283466e-09	-8.650044e-10	-4.245733e+01	-2.211678e+02
6.480000e-06	-8.346713e-09	-8.679068e-10	-4.278151e+01	-2.220069e+02
6.490000e-06	-8.409321e-09	-8.709745e-10	-4.310240e+01	-2.228052e+02
6.500000e-06	-8.471234e-09	-8.740586e-10	-4.341974e+01	-2.235647e+02
6.510000e-06	-8.532447e-09	-8.772758e-10	-4.373349e+01	-2.242898e+02
6.520000e-06	-8.592994e-09	-8.803250e-10	-4.404383e+01	-2.249873e+02
6.530000e-06	-8.652914e-09	-8.832622e-10	-4.435095e+01	-2.256655e+02
6.540000e-06	-8.712237e-09	-8.862132e-10	-4.465502e+01	-2.263327e+02
6.550000e-06	-8.770977e-09	-8.887887e-10	-4.495609e+01	-2.269972e+02
6.560000e-06	-8.829090e-09	-8.910839e-10	-4.525396e+01	-2.276654e+02
6.570000e-06	-8.886552e-09	-8.933982e-10	-4.554848e+01	-2.283419e+02
6.580000e-06	-8.943403e-09	-8.960463e-10	-4.583987e+01	-2.290283e+02
6.590000e-06	-8.999680e-09	-8.991411e-10	-4.612832e+01	-2.297233e+02
6.600000e-06	-9.055350e-09	-9.020592e-10	-4.641367e+01	-2.304232e+02
6.610000e-06	-9.110332e-09	-9.050070e-10	-4.669548e+01	-2.311218e+02
6.620000e-06	-9.164531e-09	-9.079592e-10	-4.697328e+01	-2.318114e+02
6.630000e-06	-9.217885e-09	-9.099579e-10	-4.724674e+01	-2.324838e+02
6.640000e-06	-9.270406e-09	-9.113596e-10	-4.751593e+01	-2.331314e+02
6.650000e-06	-9.322156e-09	-9.131706e-10	-4.778118e+01	-2.337479e+02
6.660000e-06	-9.373191e-09	-9.159167e-10	-4.804277e+01	-2.343292e+02
6.670000e-06	-9.423500e-09	-9.193408e-10	-4.830063e+01	-2.348743e+02
6.680000e-06	-9.472981e-09	-9.224206e-10	-4.855425e+01	-2.353848e+02
6.690000e-06	-9.521546e-09	-9.248423e-10	-4.880316e+01	-2.358656e+02
6.700000e-06	-9.569203e-09	-9.270021e-10	-4.904743e+01	-2.363237e+02
6.710000e-06	-9.616059e-09	-9.287735e-10	-4.928759e+01	-2.367680e+02
6.720000e-06	-9.662255e-09	-9.304537e-10	-4.952437e+01	-2.372078e+02
6.730000e-06	-9.707861e-09	-9.322350e-10	-4.975813e+01	-2.376520e+02
6.740000e-06	-9.752878e-09	-9.338032e-10	-4.998887e+01	-2.381082e+02
6.750000e-06	-9.797320e-09	-9.357074e-10	-5.021666e+01	-2.385811e+02
6.760000e-06	-9.841216e-09	-9.384826e-10	-5.044166e+01	-2.390729e+02
6.770000e-06	-9.884554e-09	-9.414505e-10	-5.066379e+01	-2.395821e+02
6.780000e-06	-9.927282e-09	-9.434870e-10	-5.088279e+01	-2.401040e+02
6.790000e-06	-9.969344e-09	-9.450478e-10	-5.109838e+01	-2.406313e+02
6.800000e-06	-1.001071e-08	-9.469433e-10	-5.131039e+01	-2.411545e+02
6.810000e-06	-1.005139e-08	-9.481930e-10	-5.151892e+01	-2.416635e+02
6.820000e-06	-1.009144e-08	-9.490109e-10	-5.172420e+01	-2.421484e+02
6.830000e-06	-1.013083e-08	-9.505222e-10	-5.192609e+01	-2.426009e+02
6.840000e-06	-1.016940e-08	-9.524090e-10	-5.212378e+01	-2.430152e+02
6.850000e-06	-1.020701e-08	-9.545244e-10	-5.231657e+01	-2.433890e+02
6.860000e-06	-1.024373e-08	-9.567468e-10	-5.250479e+01	-2.437235e+02
6.870000e-06	-1.027975e-08	-9.585756e-10	-5.268938e+01	-2.440238e+02
6.880000e-06	-1.031514e-08	-9.597447e-10	-5.287080e+01	-2.442985e+02
6.890000e-06	-1.034987e-08	-9.607337e-10	-5.304880e+01	-2.445581e+02
6.900000e-06	-1.038388e-08	-9.618159e-10	-5.322310e+01	-2.448149e+02
6.910000e-06	-1.041714e-08	-9.629869e-10	-5.339361e+01	-2.450807e+02
6.920000e-06	-1.044971e-08	-9.647862e-10	-5.356051e+01	-2.453663e+02
6.930000e-06	-1.048163e-08	-9.667920e-10	-5.372416e+01	-2.456796e+02
6.940000e-06	-1.051286e-08	-9.687106e-10	-5.388420e+01	-2.460249e+02
6.950000e-06	-1.054315e-08	-9.708062e-10	-5.403945e+01	-2.464024e+02
6.960000e-06	-1.057238e-08	-9.727791e-10	-5.418930e+01	-2.468079e+02
6.970000e-06	-1.060074e-08	-9.743291e-10	-5.433464e+01	-2.472336e+02
6.980000e-06	-1.062843e-08	-9.752547e-10	-5.447657e+01	-2.476682e+02
6.990000e-06	-1.065546e-08	-9.758325e-10	-5.461512e+01	-2.480989e+02
7.000000e-06	-1.068175e-08	-9.768867e-10	-5.474984e+01	-2.485121e+02
7.010000e-06	-1.070725e-08	-9.785017e-10	-5.488055e+01	-2.488958e+02
7.020000e-06	-1.073199e-08	-9.801773e-10	-5.500738e+01	-2.492400e+02
7.030000e-06	-1.075611e-08	-9.819379e-10	-5.513098e+01	-2.495388e+02
7.040000e-06	-1.077964e-08	-9.837173e-10	-5.525161e+01	-2.497906e+02
7.050000e-06	-1.080236e-08	-9.851937e-10	-5.536806e+01	-2.499986e+02
7.060000e-06	-1.082400e-08	-9.865123e-10	-5.547899e+01	-2.501703e+02
7.070000e-06	-1.084464e-08	-9.876812e-10	-5.558478e+01	-2.503172e+02
7.080000e-06	-1.086456e-08	-9.885503e-10	-5.568688e+01	-2.504528e+02
7.090000e-06	-1.088384e-08	-9.892865e-10	-5.578571e+01	-2.505917e+02
7.100000e-06	-1.090239e-08	-9.903053e-10	-5.588080e+01	-2.507475e+02
7.110000e-06	-1.092019e-08	-9.918946e-10	-5.597199e+01	-2.509314e+02
7.120000e-06	-1.093722e-08	-9.937775e-10	-5.605930e+01	-2.511504e+02
7.130000e-06	-1.095355e-08	-9.953933e-10	-5.614301e+01	-2.514068e+02
7.140000e-06	-1.096927e-08	-9.963303e-10	-5.622356e+01	-2.516972e+02
7.150000e-06	-1.098416e-08	-9.967778e-10	-5.629990e+01	-2.520132e+02
7.160000e-06	-1.099790e-08	-9.971487e-10	-5.637033e+01	-2.523418e+02
7.170000e-06	-1.101052e-08	-9.978767e-10	-5.643498e+01	-2.526669e+02
7.180000e-06	-1.102227e-08	-9.991142e-10	-5.649522e+01	-2.529709e+02
7.190000e-06	-1.103325e-08	-1.000113e-09	-5.655148e+01	-2.532371e+02
7.200000e-06	-1.104343e-08	-1.000650e-09	-5.660370e+01	-2.534512e+02
7.210000e-06	-1.105284e-08	-1.001623e-09	-5.665193e+01	-2.536034e+02
7.220000e-06	-1.106148e-08	-1.002599e-09	-5.669621e+01	-2.536899e+02
7.230000e-06	-1.106947e-08	-1.003145e-09	-5.673717e+01	-2.537131e+02
7.240000e-06	-1.107681e-08	-1.003635e-09	-5.677478e+01	-2.536825e+02
7.250000e-06	-1.108321e-08	-1.004122e-09	-5.680756e+01	-2.536129e+02
7.260000e-06	-1.108849e-08	-1.005149e-09	-5.683465e+01	-2.535243e+02
7.270000e-06	-1.109287e-08	-1.006177e-09	-5.685707e+01	-2.534386e+02
7.280000e-06	-1.109660e-08	-1.006509e-09	-5.687619e+01	-2.533781e+02
7.290000e-06	-1.109967e-08	-1.006389e-09	-5.689193e+01	-2.533626e+02
7.300000e-06	-1.110201e-08	-1.006148e-09	-5.690392e+01	-2.534071e+02
7.310000e-06	-1.110362e-08	-1.006278e-09	-5.691220e+01	-2.535198e+02
7.320000e-06	-1.110441e-08	-1.006990e-09	-5.691625e+01	-2.537007e+02
