# Temperatura_=_8.1982905982906
# Concentracion g/m^3_=_11700.0
# C_Vs_to_Am_M_A/Vsm_=_254322799225.57578
# pendiente_HvsI_1/m_=_3716.3
# ordenada_HvsI_A/m_=_1297.0
# frecuencia_Hz_=_136592.4585114498
# Promedio de 702 ciclos

Tiempo_(s)	Campo_(V.s)	Magnetizacion_(V.s)	Campo_(kA/m)	Magnetizacion_(A/m)
0.000000e+00	-1.109921e-08	-1.342723e-09	-5.692056e+01	-3.608228e+02
1.000000e-08	-1.109928e-08	-1.344263e-09	-5.692095e+01	-3.609747e+02
2.000000e-08	-1.109877e-08	-1.345252e-09	-5.691832e+01	-3.610687e+02
3.000000e-08	-1.109736e-08	-1.345124e-09	-5.691109e+01	-3.610953e+02
4.000000e-08	-1.109486e-08	-1.344172e-09	-5.689829e+01	-3.610502e+02
5.000000e-08	-1.109144e-08	-1.343609e-09	-5.688080e+01	-3.609355e+02
6.000000e-08	-1.108740e-08	-1.343756e-09	-5.686006e+01	-3.607593e+02
7.000000e-08	-1.108276e-08	-1.344175e-09	-5.683627e+01	-3.605358e+02
8.000000e-08	-1.107739e-08	-1.345515e-09	-5.680875e+01	-3.602832e+02
9.000000e-08	-1.107118e-08	-1.347478e-09	-5.677688e+01	-3.600228e+02
1.000000e-07	-1.106393e-08	-1.344680e-09	-5.673970e+01	-3.597766e+02
1.100000e-07	-1.105532e-08	-1.332589e-09	-5.669557e+01	-3.595649e+02
1.200000e-07	-1.104514e-08	-1.324712e-09	-5.664342e+01	-3.594042e+02
1.300000e-07	-1.103388e-08	-1.337539e-09	-5.658568e+01	-3.593058e+02
1.400000e-07	-1.102235e-08	-1.361948e-09	-5.652651e+01	-3.592740e+02
1.500000e-07	-1.101055e-08	-1.357847e-09	-5.646596e+01	-3.593059e+02
1.600000e-07	-1.099781e-08	-1.323010e-09	-5.640063e+01	-3.593912e+02
1.700000e-07	-1.098406e-08	-1.326501e-09	-5.633013e+01	-3.595135e+02
1.800000e-07	-1.096979e-08	-1.364620e-09	-5.625694e+01	-3.596520e+02
1.900000e-07	-1.095466e-08	-1.354716e-09	-5.617936e+01	-3.597835e+02
2.000000e-07	-1.093813e-08	-1.323346e-09	-5.609456e+01	-3.598850e+02
2.100000e-07	-1.092074e-08	-1.341665e-09	-5.600541e+01	-3.599368e+02
2.200000e-07	-1.090303e-08	-1.351837e-09	-5.591457e+01	-3.599247e+02
2.300000e-07	-1.088457e-08	-1.315122e-09	-5.581992e+01	-3.598419e+02
2.400000e-07	-1.086519e-08	-1.317345e-09	-5.572052e+01	-3.596907e+02
2.500000e-07	-1.084522e-08	-1.359971e-09	-5.561809e+01	-3.594830e+02
2.600000e-07	-1.082461e-08	-1.355199e-09	-5.551243e+01	-3.592397e+02
2.700000e-07	-1.080312e-08	-1.341697e-09	-5.540224e+01	-3.589891e+02
2.800000e-07	-1.078091e-08	-1.373549e-09	-5.528833e+01	-3.587654e+02
2.900000e-07	-1.075803e-08	-1.373042e-09	-5.517099e+01	-3.586050e+02
3.000000e-07	-1.073431e-08	-1.330579e-09	-5.504935e+01	-3.585435e+02
3.100000e-07	-1.070992e-08	-1.330851e-09	-5.492430e+01	-3.586126e+02
3.200000e-07	-1.068486e-08	-1.337437e-09	-5.479575e+01	-3.588362e+02
3.300000e-07	-1.065867e-08	-1.302450e-09	-5.466147e+01	-3.592282e+02
3.400000e-07	-1.063139e-08	-1.301754e-09	-5.452158e+01	-3.597905e+02
3.500000e-07	-1.060344e-08	-1.338736e-09	-5.437820e+01	-3.605118e+02
3.600000e-07	-1.057487e-08	-1.337399e-09	-5.423172e+01	-3.613681e+02
3.700000e-07	-1.054562e-08	-1.335350e-09	-5.408171e+01	-3.623238e+02
3.800000e-07	-1.051565e-08	-1.368317e-09	-5.392803e+01	-3.633341e+02
3.900000e-07	-1.048491e-08	-1.371564e-09	-5.377039e+01	-3.643481e+02
4.000000e-07	-1.045344e-08	-1.357039e-09	-5.360902e+01	-3.653123e+02
4.100000e-07	-1.042134e-08	-1.370575e-09	-5.344439e+01	-3.661749e+02
4.200000e-07	-1.038847e-08	-1.369835e-09	-5.327580e+01	-3.668892e+02
4.300000e-07	-1.035463e-08	-1.357894e-09	-5.310227e+01	-3.674174e+02
4.400000e-07	-1.031983e-08	-1.368884e-09	-5.292380e+01	-3.677331e+02
4.500000e-07	-1.028421e-08	-1.368537e-09	-5.274115e+01	-3.678229e+02
4.600000e-07	-1.024795e-08	-1.357146e-09	-5.255520e+01	-3.676873e+02
4.700000e-07	-1.021107e-08	-1.361179e-09	-5.236604e+01	-3.673399e+02
4.800000e-07	-1.017345e-08	-1.358322e-09	-5.217314e+01	-3.668061e+02
4.900000e-07	-1.013509e-08	-1.351240e-09	-5.197639e+01	-3.661202e+02
5.000000e-07	-1.009605e-08	-1.358611e-09	-5.177621e+01	-3.653228e+02
5.100000e-07	-1.005640e-08	-1.356542e-09	-5.157285e+01	-3.644567e+02
5.200000e-07	-1.001613e-08	-1.346787e-09	-5.136636e+01	-3.635638e+02
5.300000e-07	-9.975133e-09	-1.351496e-09	-5.115610e+01	-3.626815e+02
5.400000e-07	-9.933179e-09	-1.352644e-09	-5.094095e+01	-3.618401e+02
5.500000e-07	-9.890198e-09	-1.342717e-09	-5.072053e+01	-3.610607e+02
5.600000e-07	-9.846358e-09	-1.342268e-09	-5.049571e+01	-3.603545e+02
5.700000e-07	-9.801843e-09	-1.344818e-09	-5.026742e+01	-3.597221e+02
5.800000e-07	-9.756679e-09	-1.339078e-09	-5.003580e+01	-3.591551e+02
5.900000e-07	-9.710837e-09	-1.336294e-09	-4.980071e+01	-3.586374e+02
6.000000e-07	-9.664329e-09	-1.338025e-09	-4.956220e+01	-3.581476e+02
6.100000e-07	-9.617188e-09	-1.335308e-09	-4.932045e+01	-3.576616e+02
6.200000e-07	-9.569405e-09	-1.330418e-09	-4.907541e+01	-3.571551e+02
6.300000e-07	-9.520900e-09	-1.327559e-09	-4.882666e+01	-3.566069e+02
6.400000e-07	-9.471530e-09	-1.325519e-09	-4.857347e+01	-3.559999e+02
6.500000e-07	-9.421187e-09	-1.323116e-09	-4.831530e+01	-3.553236e+02
6.600000e-07	-9.369880e-09	-1.320278e-09	-4.805219e+01	-3.545742e+02
6.700000e-07	-9.317733e-09	-1.318179e-09	-4.778477e+01	-3.537548e+02
6.800000e-07	-9.264868e-09	-1.315799e-09	-4.751367e+01	-3.528748e+02
6.900000e-07	-9.211292e-09	-1.311497e-09	-4.723892e+01	-3.519482e+02
7.000000e-07	-9.156989e-09	-1.308690e-09	-4.696044e+01	-3.509921e+02
7.100000e-07	-9.102042e-09	-1.307598e-09	-4.667865e+01	-3.500244e+02
7.200000e-07	-9.046517e-09	-1.303767e-09	-4.639391e+01	-3.490621e+02
7.300000e-07	-8.990442e-09	-1.299563e-09	-4.610636e+01	-3.481192e+02
7.400000e-07	-8.933815e-09	-1.298585e-09	-4.581596e+01	-3.472055e+02
7.500000e-07	-8.876518e-09	-1.297212e-09	-4.552212e+01	-3.463255e+02
7.600000e-07	-8.818434e-09	-1.292818e-09	-4.522425e+01	-3.454784e+02
7.700000e-07	-8.759592e-09	-1.288689e-09	-4.492249e+01	-3.446581e+02
7.800000e-07	-8.700062e-09	-1.285973e-09	-4.461720e+01	-3.438546e+02
7.900000e-07	-8.639889e-09	-1.282865e-09	-4.430862e+01	-3.430547e+02
8.000000e-07	-8.579130e-09	-1.279742e-09	-4.399703e+01	-3.422440e+02
8.100000e-07	-8.517798e-09	-1.277094e-09	-4.368250e+01	-3.414084e+02
8.200000e-07	-8.455838e-09	-1.273371e-09	-4.336474e+01	-3.405358e+02
8.300000e-07	-8.393252e-09	-1.269357e-09	-4.304378e+01	-3.396170e+02
8.400000e-07	-8.330098e-09	-1.266874e-09	-4.271990e+01	-3.386472e+02
8.500000e-07	-8.266358e-09	-1.264638e-09	-4.239301e+01	-3.376258e+02
8.600000e-07	-8.202008e-09	-1.260770e-09	-4.206301e+01	-3.365565e+02
8.700000e-07	-8.137090e-09	-1.256377e-09	-4.173010e+01	-3.354470e+02
8.800000e-07	-8.071609e-09	-1.252684e-09	-4.139428e+01	-3.343072e+02
8.900000e-07	-8.005490e-09	-1.248984e-09	-4.105519e+01	-3.331487e+02
9.000000e-07	-7.938735e-09	-1.245046e-09	-4.071282e+01	-3.319830e+02
9.100000e-07	-7.871407e-09	-1.241660e-09	-4.036752e+01	-3.308201e+02
9.200000e-07	-7.803492e-09	-1.238455e-09	-4.001924e+01	-3.296676e+02
9.300000e-07	-7.735007e-09	-1.235133e-09	-3.966804e+01	-3.285293e+02
9.400000e-07	-7.666004e-09	-1.231941e-09	-3.931419e+01	-3.274055e+02
9.500000e-07	-7.596446e-09	-1.227957e-09	-3.895749e+01	-3.262924e+02
9.600000e-07	-7.526298e-09	-1.222462e-09	-3.859779e+01	-3.251829e+02
9.700000e-07	-7.455637e-09	-1.216789e-09	-3.823544e+01	-3.240673e+02
9.800000e-07	-7.384511e-09	-1.212316e-09	-3.787067e+01	-3.229344e+02
9.900000e-07	-7.312838e-09	-1.208618e-09	-3.750309e+01	-3.217729e+02
1.000000e-06	-7.240584e-09	-1.205233e-09	-3.713254e+01	-3.205726e+02
1.010000e-06	-7.167810e-09	-1.201801e-09	-3.675935e+01	-3.193254e+02
1.020000e-06	-7.094536e-09	-1.197740e-09	-3.638362e+01	-3.180262e+02
1.030000e-06	-7.020758e-09	-1.193323e-09	-3.600528e+01	-3.166737e+02
1.040000e-06	-6.946430e-09	-1.188463e-09	-3.562409e+01	-3.152700e+02
1.050000e-06	-6.871424e-09	-1.182413e-09	-3.523943e+01	-3.138208e+02
1.060000e-06	-6.795707e-09	-1.175856e-09	-3.485113e+01	-3.123341e+02
1.070000e-06	-6.719394e-09	-1.169886e-09	-3.445979e+01	-3.108200e+02
1.080000e-06	-6.642565e-09	-1.164945e-09	-3.406581e+01	-3.092886e+02
1.090000e-06	-6.565206e-09	-1.161077e-09	-3.366913e+01	-3.077498e+02
1.100000e-06	-6.487280e-09	-1.157317e-09	-3.326955e+01	-3.062114e+02
1.110000e-06	-6.408765e-09	-1.152345e-09	-3.286695e+01	-3.046787e+02
1.120000e-06	-6.329693e-09	-1.146411e-09	-3.246148e+01	-3.031537e+02
1.130000e-06	-6.250117e-09	-1.140153e-09	-3.205341e+01	-3.016351e+02
1.140000e-06	-6.170059e-09	-1.133691e-09	-3.164287e+01	-3.001182e+02
1.150000e-06	-6.089554e-09	-1.127190e-09	-3.123005e+01	-2.985957e+02
1.160000e-06	-6.008637e-09	-1.120913e-09	-3.081512e+01	-2.970586e+02
1.170000e-06	-5.927301e-09	-1.115249e-09	-3.039804e+01	-2.954968e+02
1.180000e-06	-5.845539e-09	-1.110496e-09	-2.997876e+01	-2.939008e+02
1.190000e-06	-5.763365e-09	-1.105539e-09	-2.955736e+01	-2.922623e+02
1.200000e-06	-5.680801e-09	-1.099297e-09	-2.913398e+01	-2.905753e+02
1.210000e-06	-5.597874e-09	-1.092548e-09	-2.870874e+01	-2.888368e+02
1.220000e-06	-5.514603e-09	-1.085385e-09	-2.828172e+01	-2.870467e+02
1.230000e-06	-5.430980e-09	-1.077762e-09	-2.785291e+01	-2.852084e+02
1.240000e-06	-5.346997e-09	-1.070729e-09	-2.742226e+01	-2.833277e+02
1.250000e-06	-5.262674e-09	-1.064197e-09	-2.698985e+01	-2.814124e+02
1.260000e-06	-5.178037e-09	-1.057490e-09	-2.655585e+01	-2.794716e+02
1.270000e-06	-5.093108e-09	-1.051032e-09	-2.612035e+01	-2.775142e+02
1.280000e-06	-5.007889e-09	-1.045288e-09	-2.568336e+01	-2.755480e+02
1.290000e-06	-4.922369e-09	-1.038647e-09	-2.524483e+01	-2.735791e+02
1.300000e-06	-4.836540e-09	-1.030434e-09	-2.480471e+01	-2.716111e+02
1.310000e-06	-4.750412e-09	-1.021883e-09	-2.436306e+01	-2.696443e+02
1.320000e-06	-4.663991e-09	-1.013539e-09	-2.391991e+01	-2.676763e+02
1.330000e-06	-4.577265e-09	-1.006148e-09	-2.347518e+01	-2.657019e+02
1.340000e-06	-4.490208e-09	-9.995197e-10	-2.302876e+01	-2.637138e+02
1.350000e-06	-4.402805e-09	-9.924822e-10	-2.258056e+01	-2.617035e+02
1.360000e-06	-4.315057e-09	-9.848991e-10	-2.213060e+01	-2.596621e+02
1.370000e-06	-4.226971e-09	-9.770097e-10	-2.167892e+01	-2.575813e+02
1.380000e-06	-4.138551e-09	-9.685695e-10	-2.122552e+01	-2.554544e+02
1.390000e-06	-4.049805e-09	-9.596096e-10	-2.077044e+01	-2.532769e+02
1.400000e-06	-3.960752e-09	-9.505368e-10	-2.031378e+01	-2.510467e+02
1.410000e-06	-3.871423e-09	-9.416986e-10	-1.985572e+01	-2.487646e+02
1.420000e-06	-3.781851e-09	-9.331185e-10	-1.939640e+01	-2.464340e+02
1.430000e-06	-3.692051e-09	-9.247326e-10	-1.893591e+01	-2.440602e+02
1.440000e-06	-3.602014e-09	-9.163513e-10	-1.847419e+01	-2.416497e+02
1.450000e-06	-3.511727e-09	-9.076669e-10	-1.801119e+01	-2.392096e+02
1.460000e-06	-3.421173e-09	-8.984959e-10	-1.754682e+01	-2.367462e+02
1.470000e-06	-3.330323e-09	-8.889818e-10	-1.708094e+01	-2.342648e+02
1.480000e-06	-3.239150e-09	-8.792669e-10	-1.661340e+01	-2.317682e+02
1.490000e-06	-3.147644e-09	-8.695097e-10	-1.614416e+01	-2.292569e+02
1.500000e-06	-3.055826e-09	-8.597299e-10	-1.567332e+01	-2.267285e+02
1.510000e-06	-2.963743e-09	-8.499823e-10	-1.520113e+01	-2.241782e+02
1.520000e-06	-2.871449e-09	-8.405213e-10	-1.472783e+01	-2.215987e+02
1.530000e-06	-2.778974e-09	-8.310508e-10	-1.425361e+01	-2.189815e+02
1.540000e-06	-2.686339e-09	-8.210162e-10	-1.377857e+01	-2.163173e+02
1.550000e-06	-2.593554e-09	-8.104301e-10	-1.330276e+01	-2.135967e+02
1.560000e-06	-2.500622e-09	-7.993373e-10	-1.282618e+01	-2.108118e+02
1.570000e-06	-2.407545e-09	-7.878899e-10	-1.234888e+01	-2.079561e+02
1.580000e-06	-2.314323e-09	-7.767582e-10	-1.187082e+01	-2.050253e+02
1.590000e-06	-2.220954e-09	-7.658219e-10	-1.139198e+01	-2.020177e+02
1.600000e-06	-2.127431e-09	-7.545548e-10	-1.091237e+01	-1.989338e+02
1.610000e-06	-2.033756e-09	-7.429358e-10	-1.043198e+01	-1.957760e+02
1.620000e-06	-1.939928e-09	-7.310916e-10	-9.950803e+00	-1.925480e+02
1.630000e-06	-1.845950e-09	-7.191475e-10	-9.468846e+00	-1.892538e+02
1.640000e-06	-1.751827e-09	-7.071833e-10	-8.986153e+00	-1.858969e+02
1.650000e-06	-1.657581e-09	-6.949691e-10	-8.502835e+00	-1.824794e+02
1.660000e-06	-1.563243e-09	-6.820217e-10	-8.019031e+00	-1.790011e+02
1.670000e-06	-1.468832e-09	-6.679335e-10	-7.534854e+00	-1.754590e+02
1.680000e-06	-1.374358e-09	-6.532369e-10	-7.050359e+00	-1.718467e+02
1.690000e-06	-1.279822e-09	-6.390356e-10	-6.565547e+00	-1.681550e+02
1.700000e-06	-1.185220e-09	-6.253792e-10	-6.080395e+00	-1.643715e+02
1.710000e-06	-1.090544e-09	-6.114929e-10	-5.594865e+00	-1.604819e+02
1.720000e-06	-9.957882e-10	-5.967823e-10	-5.108916e+00	-1.564704e+02
1.730000e-06	-9.009478e-10	-5.809835e-10	-4.622529e+00	-1.523208e+02
1.740000e-06	-8.060203e-10	-5.643275e-10	-4.135695e+00	-1.480181e+02
1.750000e-06	-7.110113e-10	-5.472566e-10	-3.648434e+00	-1.435486e+02
1.760000e-06	-6.159277e-10	-5.297302e-10	-3.160788e+00	-1.389017e+02
1.770000e-06	-5.207781e-10	-5.113674e-10	-2.672809e+00	-1.340699e+02
1.780000e-06	-4.255796e-10	-4.923166e-10	-2.184579e+00	-1.290496e+02
1.790000e-06	-3.303536e-10	-4.729389e-10	-1.696208e+00	-1.238410e+02
1.800000e-06	-2.351233e-10	-4.532760e-10	-1.207820e+00	-1.184478e+02
1.810000e-06	-1.399099e-10	-4.328804e-10	-7.195134e-01	-1.128766e+02
1.820000e-06	-4.472855e-11	-4.112119e-10	-2.313718e-01	-1.071365e+02
1.830000e-06	5.041837e-11	-3.886294e-10	2.565895e-01	-1.012379e+02
1.840000e-06	1.455398e-10	-3.657720e-10	7.444186e-01	-9.519190e+01
1.850000e-06	2.406455e-10	-3.425229e-10	1.232166e+00	-8.900921e+01
1.860000e-06	3.357438e-10	-3.187898e-10	1.719879e+00	-8.269973e+01
1.870000e-06	4.308380e-10	-2.945038e-10	2.207568e+00	-7.627200e+01
1.880000e-06	5.259271e-10	-2.693298e-10	2.695224e+00	-6.973299e+01
1.890000e-06	6.210010e-10	-2.438477e-10	3.182796e+00	-6.308816e+01
1.900000e-06	7.160454e-10	-2.188001e-10	3.670222e+00	-5.634171e+01
1.910000e-06	8.110458e-10	-1.931990e-10	4.157428e+00	-4.949712e+01
1.920000e-06	9.059858e-10	-1.662211e-10	4.644323e+00	-4.255768e+01
1.930000e-06	1.000846e-09	-1.389725e-10	5.130806e+00	-3.552713e+01
1.940000e-06	1.095606e-09	-1.121494e-10	5.616781e+00	-2.841026e+01
1.950000e-06	1.190256e-09	-8.525724e-11	6.102193e+00	-2.121343e+01
1.960000e-06	1.284791e-09	-5.803472e-11	6.587020e+00	-1.394484e+01
1.970000e-06	1.379211e-09	-3.062752e-11	7.071250e+00	-6.614655e+00
1.980000e-06	1.473523e-09	-2.948501e-12	7.554925e+00	7.650680e-01
1.990000e-06	1.567745e-09	2.486835e-11	8.038130e+00	8.180708e+00
2.000000e-06	1.661881e-09	5.228832e-11	8.520890e+00	1.561753e+01
2.010000e-06	1.755930e-09	7.955941e-11	9.003208e+00	2.306027e+01
2.020000e-06	1.849888e-09	1.075212e-10	9.485067e+00	3.049371e+01
2.030000e-06	1.943742e-09	1.359793e-10	9.966394e+00	3.790328e+01
2.040000e-06	2.037481e-09	1.641977e-10	1.044713e+01	4.527552e+01
2.050000e-06	2.131093e-09	1.918387e-10	1.092721e+01	5.259839e+01
2.060000e-06	2.224559e-09	2.191345e-10	1.140655e+01	5.986145e+01
2.070000e-06	2.317868e-09	2.467639e-10	1.188509e+01	6.705575e+01
2.080000e-06	2.411015e-09	2.742870e-10	1.236278e+01	7.417364e+01
2.090000e-06	2.503990e-09	3.008736e-10	1.283960e+01	8.120841e+01
2.100000e-06	2.596784e-09	3.265551e-10	1.331548e+01	8.815377e+01
2.110000e-06	2.689393e-09	3.517351e-10	1.379042e+01	9.500342e+01
2.120000e-06	2.781813e-09	3.770369e-10	1.426439e+01	1.017506e+02
2.130000e-06	2.874047e-09	4.029375e-10	1.473742e+01	1.083876e+02
2.140000e-06	2.966091e-09	4.286824e-10	1.520948e+01	1.149061e+02
2.150000e-06	3.057925e-09	4.528295e-10	1.568045e+01	1.212963e+02
2.160000e-06	3.149529e-09	4.759281e-10	1.615025e+01	1.275480e+02
2.170000e-06	3.240885e-09	4.990431e-10	1.661877e+01	1.336505e+02
2.180000e-06	3.331968e-09	5.216763e-10	1.708588e+01	1.395931e+02
2.190000e-06	3.422761e-09	5.433496e-10	1.755152e+01	1.453662e+02
2.200000e-06	3.513264e-09	5.639395e-10	1.801567e+01	1.509611e+02
2.210000e-06	3.603481e-09	5.835975e-10	1.847836e+01	1.563716e+02
2.220000e-06	3.693418e-09	6.031231e-10	1.893962e+01	1.615934e+02
2.230000e-06	3.783074e-09	6.227227e-10	1.939943e+01	1.666254e+02
2.240000e-06	3.872435e-09	6.414672e-10	1.985773e+01	1.714691e+02
2.250000e-06	3.961490e-09	6.588088e-10	2.031446e+01	1.761288e+02
2.260000e-06	4.050226e-09	6.751029e-10	2.076955e+01	1.806110e+02
2.270000e-06	4.138630e-09	6.909383e-10	2.122294e+01	1.849244e+02
2.280000e-06	4.226708e-09	7.065095e-10	2.167466e+01	1.890786e+02
2.290000e-06	4.314476e-09	7.214657e-10	2.212478e+01	1.930840e+02
2.300000e-06	4.401947e-09	7.355971e-10	2.257339e+01	1.969507e+02
2.310000e-06	4.489127e-09	7.491904e-10	2.302051e+01	2.006884e+02
2.320000e-06	4.576020e-09	7.626265e-10	2.346614e+01	2.043053e+02
2.330000e-06	4.662613e-09	7.761312e-10	2.391025e+01	2.078085e+02
2.340000e-06	4.748885e-09	7.891179e-10	2.435271e+01	2.112032e+02
2.350000e-06	4.834819e-09	8.007515e-10	2.479342e+01	2.144935e+02
2.360000e-06	4.920405e-09	8.115476e-10	2.523235e+01	2.176825e+02
2.370000e-06	5.005654e-09	8.225171e-10	2.566954e+01	2.207725e+02
2.380000e-06	5.090583e-09	8.337655e-10	2.610509e+01	2.237656e+02
2.390000e-06	5.175208e-09	8.449876e-10	2.653909e+01	2.266642e+02
2.400000e-06	5.259525e-09	8.560506e-10	2.697150e+01	2.294715e+02
2.410000e-06	5.343511e-09	8.666195e-10	2.740222e+01	2.321917e+02
2.420000e-06	5.427141e-09	8.764726e-10	2.783111e+01	2.348301e+02
2.430000e-06	5.510410e-09	8.862367e-10	2.825814e+01	2.373932e+02
2.440000e-06	5.593328e-09	8.960728e-10	2.868337e+01	2.398883e+02
2.450000e-06	5.675904e-09	9.052012e-10	2.910685e+01	2.423232e+02
2.460000e-06	5.758121e-09	9.136757e-10	2.952847e+01	2.447058e+02
2.470000e-06	5.839935e-09	9.221866e-10	2.994803e+01	2.470433e+02
2.480000e-06	5.921296e-09	9.308614e-10	3.036526e+01	2.493421e+02
2.490000e-06	6.002159e-09	9.397853e-10	3.077995e+01	2.516068e+02
2.500000e-06	6.082515e-09	9.489691e-10	3.119205e+01	2.538405e+02
2.510000e-06	6.162396e-09	9.574313e-10	3.160170e+01	2.560443e+02
2.520000e-06	6.241828e-09	9.652896e-10	3.200905e+01	2.582175e+02
2.530000e-06	6.320809e-09	9.732869e-10	3.241408e+01	2.603576e+02
2.540000e-06	6.399314e-09	9.810074e-10	3.281667e+01	2.624612e+02
2.550000e-06	6.477324e-09	9.885671e-10	3.321672e+01	2.645243e+02
2.560000e-06	6.554853e-09	9.958087e-10	3.361430e+01	2.665428e+02
2.570000e-06	6.631927e-09	1.002740e-09	3.400955e+01	2.685135e+02
2.580000e-06	6.708545e-09	1.010037e-09	3.440247e+01	2.704341e+02
2.590000e-06	6.784664e-09	1.017706e-09	3.479282e+01	2.723040e+02
2.600000e-06	6.860197e-09	1.025603e-09	3.518017e+01	2.741245e+02
2.610000e-06	6.935087e-09	1.032979e-09	3.556422e+01	2.758985e+02
2.620000e-06	7.009331e-09	1.039278e-09	3.594496e+01	2.776305e+02
2.630000e-06	7.082958e-09	1.045046e-09	3.632252e+01	2.793263e+02
2.640000e-06	7.155984e-09	1.050648e-09	3.669701e+01	2.809921e+02
2.650000e-06	7.228410e-09	1.056362e-09	3.706841e+01	2.826343e+02
2.660000e-06	7.300264e-09	1.062582e-09	3.743688e+01	2.842586e+02
2.670000e-06	7.371603e-09	1.068951e-09	3.780272e+01	2.858695e+02
2.680000e-06	7.442472e-09	1.075298e-09	3.816616e+01	2.874699e+02
2.690000e-06	7.512867e-09	1.081966e-09	3.852716e+01	2.890607e+02
2.700000e-06	7.582752e-09	1.088280e-09	3.888554e+01	2.906409e+02
2.710000e-06	7.652115e-09	1.093444e-09	3.924124e+01	2.922079e+02
2.720000e-06	7.720986e-09	1.097953e-09	3.959441e+01	2.937577e+02
2.730000e-06	7.789375e-09	1.102856e-09	3.994511e+01	2.952853e+02
2.740000e-06	7.857235e-09	1.108468e-09	4.029309e+01	2.967856e+02
2.750000e-06	7.924489e-09	1.114427e-09	4.063798e+01	2.982541e+02
2.760000e-06	7.991084e-09	1.120459e-09	4.097948e+01	2.996873e+02
2.770000e-06	8.056993e-09	1.126151e-09	4.131746e+01	3.010832e+02
2.780000e-06	8.122218e-09	1.131194e-09	4.165193e+01	3.024417e+02
2.790000e-06	8.186793e-09	1.136105e-09	4.198307e+01	3.037646e+02
2.800000e-06	8.250766e-09	1.141308e-09	4.231112e+01	3.050555e+02
2.810000e-06	8.314198e-09	1.146440e-09	4.263640e+01	3.063194e+02
2.820000e-06	8.377130e-09	1.151157e-09	4.295913e+01	3.075622e+02
2.830000e-06	8.439557e-09	1.155607e-09	4.327925e+01	3.087901e+02
2.840000e-06	8.501436e-09	1.160253e-09	4.359657e+01	3.100086e+02
2.850000e-06	8.562757e-09	1.165032e-09	4.391102e+01	3.112223e+02
2.860000e-06	8.623553e-09	1.169476e-09	4.422280e+01	3.124341e+02
2.870000e-06	8.683832e-09	1.173507e-09	4.453191e+01	3.136448e+02
2.880000e-06	8.743528e-09	1.177648e-09	4.483804e+01	3.148533e+02
2.890000e-06	8.802534e-09	1.182240e-09	4.514063e+01	3.160564e+02
2.900000e-06	8.860752e-09	1.186918e-09	4.543918e+01	3.172494e+02
2.910000e-06	8.918148e-09	1.191122e-09	4.573350e+01	3.184266e+02
2.920000e-06	8.974776e-09	1.194560e-09	4.602388e+01	3.195817e+02
2.930000e-06	9.030732e-09	1.197710e-09	4.631081e+01	3.207091e+02
2.940000e-06	9.086100e-09	1.201192e-09	4.659474e+01	3.218042e+02
2.950000e-06	9.140909e-09	1.205117e-09	4.687581e+01	3.228638e+02
2.960000e-06	9.195126e-09	1.209567e-09	4.715384e+01	3.238873e+02
2.970000e-06	9.248701e-09	1.213929e-09	4.742858e+01	3.248760e+02
2.980000e-06	9.301605e-09	1.217376e-09	4.769988e+01	3.258336e+02
2.990000e-06	9.353783e-09	1.220238e-09	4.796747e+01	3.267653e+02
3.000000e-06	9.405131e-09	1.223036e-09	4.823079e+01	3.276781e+02
3.010000e-06	9.455546e-09	1.226150e-09	4.848935e+01	3.285790e+02
3.020000e-06	9.505005e-09	1.229808e-09	4.874301e+01	3.294753e+02
3.030000e-06	9.553589e-09	1.233552e-09	4.899219e+01	3.303727e+02
3.040000e-06	9.601424e-09	1.237130e-09	4.923752e+01	3.312756e+02
3.050000e-06	9.648591e-09	1.240431e-09	4.947944e+01	3.321862e+02
3.060000e-06	9.695097e-09	1.243419e-09	4.971796e+01	3.331039e+02
3.070000e-06	9.740922e-09	1.246585e-09	4.995300e+01	3.340260e+02
3.080000e-06	9.786083e-09	1.249812e-09	5.018463e+01	3.349475e+02
3.090000e-06	9.830644e-09	1.252736e-09	5.041319e+01	3.358620e+02
3.100000e-06	9.874669e-09	1.255568e-09	5.063898e+01	3.367622e+02
3.110000e-06	9.918117e-09	1.258174e-09	5.086183e+01	3.376406e+02
3.120000e-06	9.960809e-09	1.260159e-09	5.108081e+01	3.384910e+02
3.130000e-06	1.000256e-08	1.262520e-09	5.129495e+01	3.393084e+02
3.140000e-06	1.004337e-08	1.265720e-09	5.150431e+01	3.400904e+02
3.150000e-06	1.008342e-08	1.268840e-09	5.170974e+01	3.408369e+02
3.160000e-06	1.012282e-08	1.271887e-09	5.191181e+01	3.415505e+02
3.170000e-06	1.016155e-08	1.274815e-09	5.211046e+01	3.422362e+02
3.180000e-06	1.019956e-08	1.277417e-09	5.230542e+01	3.429006e+02
3.190000e-06	1.023684e-08	1.279770e-09	5.249659e+01	3.435516e+02
3.200000e-06	1.027344e-08	1.281699e-09	5.268429e+01	3.441970e+02
3.210000e-06	1.030946e-08	1.283662e-09	5.286903e+01	3.448439e+02
3.220000e-06	1.034488e-08	1.285951e-09	5.305073e+01	3.454977e+02
3.230000e-06	1.037952e-08	1.288505e-09	5.322838e+01	3.461616e+02
3.240000e-06	1.041317e-08	1.291449e-09	5.340100e+01	3.468359e+02
3.250000e-06	1.044589e-08	1.293946e-09	5.356884e+01	3.475179e+02
3.260000e-06	1.047787e-08	1.295641e-09	5.373284e+01	3.482025e+02
3.270000e-06	1.050919e-08	1.297508e-09	5.389347e+01	3.488822e+02
3.280000e-06	1.053981e-08	1.299775e-09	5.405052e+01	3.495484e+02
3.290000e-06	1.056969e-08	1.301818e-09	5.420377e+01	3.501919e+02
3.300000e-06	1.059882e-08	1.303255e-09	5.435317e+01	3.508045e+02
3.310000e-06	1.062726e-08	1.304446e-09	5.449906e+01	3.513793e+02
3.320000e-06	1.065513e-08	1.306159e-09	5.464197e+01	3.519121e+02
3.330000e-06	1.068232e-08	1.308722e-09	5.478142e+01	3.524018e+02
3.340000e-06	1.070855e-08	1.311789e-09	5.491599e+01	3.528503e+02
3.350000e-06	1.073371e-08	1.313964e-09	5.504508e+01	3.532628e+02
3.360000e-06	1.075799e-08	1.314624e-09	5.516963e+01	3.536472e+02
3.370000e-06	1.078157e-08	1.314938e-09	5.529056e+01	3.540129e+02
3.380000e-06	1.080444e-08	1.316130e-09	5.540784e+01	3.543702e+02
3.390000e-06	1.082656e-08	1.318157e-09	5.552133e+01	3.547291e+02
3.400000e-06	1.084794e-08	1.319923e-09	5.563098e+01	3.550977e+02
3.410000e-06	1.086859e-08	1.320970e-09	5.573692e+01	3.554817e+02
3.420000e-06	1.088863e-08	1.321828e-09	5.583968e+01	3.558837e+02
3.430000e-06	1.090805e-08	1.323409e-09	5.593931e+01	3.563022e+02
3.440000e-06	1.092669e-08	1.325339e-09	5.603494e+01	3.567325e+02
3.450000e-06	1.094446e-08	1.326380e-09	5.612608e+01	3.571665e+02
3.460000e-06	1.096144e-08	1.326803e-09	5.621317e+01	3.575939e+02
3.470000e-06	1.097764e-08	1.327537e-09	5.629628e+01	3.580032e+02
3.480000e-06	1.099294e-08	1.328834e-09	5.637477e+01	3.583829e+02
3.490000e-06	1.100733e-08	1.330478e-09	5.644856e+01	3.587232e+02
3.500000e-06	1.102089e-08	1.331625e-09	5.651812e+01	3.590167e+02
3.510000e-06	1.103366e-08	1.331877e-09	5.658363e+01	3.592597e+02
3.520000e-06	1.104565e-08	1.331637e-09	5.664513e+01	3.594527e+02
3.530000e-06	1.105676e-08	1.331841e-09	5.670214e+01	3.596002e+02
3.540000e-06	1.106677e-08	1.333132e-09	5.675350e+01	3.597110e+02
3.550000e-06	1.107567e-08	1.334368e-09	5.679917e+01	3.597967e+02
3.560000e-06	1.108374e-08	1.334453e-09	5.684057e+01	3.598706e+02
3.570000e-06	1.109112e-08	1.333899e-09	5.687848e+01	3.599468e+02
3.580000e-06	1.109776e-08	1.333657e-09	5.691252e+01	3.600379e+02
3.590000e-06	1.110358e-08	1.333985e-09	5.694242e+01	3.601538e+02
3.600000e-06	1.110862e-08	1.334717e-09	5.696828e+01	3.603007e+02
3.610000e-06	1.111297e-08	1.335578e-09	5.699061e+01	3.604798e+02
3.620000e-06	1.111674e-08	1.336056e-09	5.700997e+01	3.606874e+02
3.630000e-06	1.111978e-08	1.336178e-09	5.702556e+01	3.609146e+02
3.640000e-06	1.112178e-08	1.336178e-09	5.703584e+01	3.611485e+02
3.650000e-06	1.112271e-08	1.335418e-09	5.704065e+01	3.613734e+02
3.660000e-06	1.112285e-08	1.333577e-09	5.704136e+01	3.615720e+02
3.670000e-06	1.112233e-08	1.331868e-09	5.703870e+01	3.617279e+02
3.680000e-06	1.112109e-08	1.331933e-09	5.703237e+01	3.618269e+02
3.690000e-06	1.111912e-08	1.333893e-09	5.702229e+01	3.618590e+02
3.700000e-06	1.111644e-08	1.336418e-09	5.700853e+01	3.618196e+02
3.710000e-06	1.111307e-08	1.337477e-09	5.699125e+01	3.617102e+02
3.720000e-06	1.110914e-08	1.336226e-09	5.697111e+01	3.615387e+02
3.730000e-06	1.110466e-08	1.333586e-09	5.694816e+01	3.613185e+02
3.740000e-06	1.109939e-08	1.329135e-09	5.692115e+01	3.610679e+02
3.750000e-06	1.109306e-08	1.326600e-09	5.688873e+01	3.608079e+02
3.760000e-06	1.108561e-08	1.339469e-09	5.685055e+01	3.605605e+02
3.770000e-06	1.107694e-08	1.356961e-09	5.680611e+01	3.603462e+02
3.780000e-06	1.106692e-08	1.346920e-09	5.675472e+01	3.601818e+02
3.790000e-06	1.105589e-08	1.310115e-09	5.669819e+01	3.600791e+02
3.800000e-06	1.104459e-08	1.303017e-09	5.664025e+01	3.600429e+02
3.810000e-06	1.103309e-08	1.341712e-09	5.658127e+01	3.600708e+02
3.820000e-06	1.102061e-08	1.346120e-09	5.651731e+01	3.601530e+02
3.830000e-06	1.100674e-08	1.299576e-09	5.644616e+01	3.602736e+02
3.840000e-06	1.099193e-08	1.298192e-09	5.637023e+01	3.604120e+02
3.850000e-06	1.097655e-08	1.346448e-09	5.629138e+01	3.605450e+02
3.860000e-06	1.096035e-08	1.343834e-09	5.620834e+01	3.606497e+02
3.870000e-06	1.094330e-08	1.310644e-09	5.612090e+01	3.607060e+02
3.880000e-06	1.092568e-08	1.325347e-09	5.603059e+01	3.606992e+02
3.890000e-06	1.090745e-08	1.335504e-09	5.593710e+01	3.606219e+02
3.900000e-06	1.088839e-08	1.298767e-09	5.583937e+01	3.604758e+02
3.910000e-06	1.086863e-08	1.299365e-09	5.573804e+01	3.602721e+02
3.920000e-06	1.084820e-08	1.349732e-09	5.563329e+01	3.600309e+02
3.930000e-06	1.082670e-08	1.352982e-09	5.552309e+01	3.597803e+02
3.940000e-06	1.080401e-08	1.330178e-09	5.540672e+01	3.595539e+02
3.950000e-06	1.078043e-08	1.347763e-09	5.528585e+01	3.593882e+02
3.960000e-06	1.075621e-08	1.343452e-09	5.516165e+01	3.593190e+02
3.970000e-06	1.073133e-08	1.296947e-09	5.503404e+01	3.593782e+02
3.980000e-06	1.070575e-08	1.292675e-09	5.490288e+01	3.595905e+02
3.990000e-06	1.067943e-08	1.312167e-09	5.476792e+01	3.599706e+02
4.000000e-06	1.065236e-08	1.294687e-09	5.462914e+01	3.605211e+02
4.010000e-06	1.062465e-08	1.299980e-09	5.448701e+01	3.612318e+02
4.020000e-06	1.059631e-08	1.343027e-09	5.434173e+01	3.620797e+02
4.030000e-06	1.056723e-08	1.350415e-09	5.419258e+01	3.630299e+02
4.040000e-06	1.053718e-08	1.350107e-09	5.403847e+01	3.640382e+02
4.050000e-06	1.050609e-08	1.380762e-09	5.387906e+01	3.650540e+02
4.060000e-06	1.047415e-08	1.386021e-09	5.371531e+01	3.660239e+02
4.070000e-06	1.044149e-08	1.377658e-09	5.354781e+01	3.668958e+02
4.080000e-06	1.040800e-08	1.391744e-09	5.337609e+01	3.676227e+02
4.090000e-06	1.037373e-08	1.388238e-09	5.320036e+01	3.681658e+02
4.100000e-06	1.033886e-08	1.379014e-09	5.302151e+01	3.684980e+02
4.110000e-06	1.030341e-08	1.385972e-09	5.283974e+01	3.686049e+02
4.120000e-06	1.026735e-08	1.376712e-09	5.265482e+01	3.684860e+02
4.130000e-06	1.023061e-08	1.375198e-09	5.246639e+01	3.681539e+02
4.140000e-06	1.019298e-08	1.387720e-09	5.227346e+01	3.676332e+02
4.150000e-06	1.015433e-08	1.372316e-09	5.207529e+01	3.669577e+02
4.160000e-06	1.011481e-08	1.363892e-09	5.187261e+01	3.661676e+02
4.170000e-06	1.007461e-08	1.378523e-09	5.166650e+01	3.653057e+02
4.180000e-06	1.003377e-08	1.369613e-09	5.145706e+01	3.644141e+02
4.190000e-06	9.992225e-09	1.358017e-09	5.124400e+01	3.635305e+02
4.200000e-06	9.949952e-09	1.368573e-09	5.102722e+01	3.626858e+02
4.210000e-06	9.906979e-09	1.366608e-09	5.080686e+01	3.619020e+02
4.220000e-06	9.863340e-09	1.355084e-09	5.058309e+01	3.611906e+02
4.230000e-06	9.819072e-09	1.356976e-09	5.035609e+01	3.605535e+02
4.240000e-06	9.774193e-09	1.356732e-09	5.012594e+01	3.599826e+02
4.250000e-06	9.728663e-09	1.348445e-09	4.989246e+01	3.594623e+02
4.260000e-06	9.682442e-09	1.345613e-09	4.965543e+01	3.589716e+02
4.270000e-06	9.635545e-09	1.347219e-09	4.941494e+01	3.584864e+02
4.280000e-06	9.587955e-09	1.346012e-09	4.917089e+01	3.579826e+02
4.290000e-06	9.539608e-09	1.342307e-09	4.892297e+01	3.574383e+02
4.300000e-06	9.490491e-09	1.338171e-09	4.867108e+01	3.568365e+02
4.310000e-06	9.440622e-09	1.335027e-09	4.841535e+01	3.561658e+02
4.320000e-06	9.390009e-09	1.331674e-09	4.815581e+01	3.554222e+02
4.330000e-06	9.338634e-09	1.327731e-09	4.789235e+01	3.546081e+02
4.340000e-06	9.286440e-09	1.326412e-09	4.762469e+01	3.537326e+02
4.350000e-06	9.233353e-09	1.325559e-09	4.735246e+01	3.528094e+02
4.360000e-06	9.179351e-09	1.320863e-09	4.707553e+01	3.518553e+02
4.370000e-06	9.124501e-09	1.317417e-09	4.679426e+01	3.508884e+02
4.380000e-06	9.068922e-09	1.316466e-09	4.650925e+01	3.499257e+02
4.390000e-06	9.012723e-09	1.311552e-09	4.622107e+01	3.489815e+02
4.400000e-06	8.955985e-09	1.305914e-09	4.593011e+01	3.480659e+02
4.410000e-06	8.898707e-09	1.305350e-09	4.563636e+01	3.471838e+02
4.420000e-06	8.840822e-09	1.304328e-09	4.533951e+01	3.463349e+02
4.430000e-06	8.782304e-09	1.299158e-09	4.503942e+01	3.455134e+02
4.440000e-06	8.723191e-09	1.294720e-09	4.473628e+01	3.447095e+02
4.450000e-06	8.663501e-09	1.291740e-09	4.443017e+01	3.439101e+02
4.460000e-06	8.603189e-09	1.286827e-09	4.412088e+01	3.431011e+02
4.470000e-06	8.542177e-09	1.282641e-09	4.380799e+01	3.422681e+02
4.480000e-06	8.480419e-09	1.281562e-09	4.349128e+01	3.413989e+02
4.490000e-06	8.417900e-09	1.279274e-09	4.317067e+01	3.404841e+02
4.500000e-06	8.354657e-09	1.274811e-09	4.284635e+01	3.395185e+02
4.510000e-06	8.290763e-09	1.271186e-09	4.251871e+01	3.385012e+02
4.520000e-06	8.226316e-09	1.267219e-09	4.218822e+01	3.374358e+02
4.530000e-06	8.161387e-09	1.260950e-09	4.185525e+01	3.363293e+02
4.540000e-06	8.095964e-09	1.255239e-09	4.151974e+01	3.351918e+02
4.550000e-06	8.030002e-09	1.252018e-09	4.118147e+01	3.340348e+02
4.560000e-06	7.963494e-09	1.249710e-09	4.084040e+01	3.328698e+02
4.570000e-06	7.896468e-09	1.247555e-09	4.049668e+01	3.317069e+02
4.580000e-06	7.828904e-09	1.245220e-09	4.015020e+01	3.305538e+02
4.590000e-06	7.760769e-09	1.241294e-09	3.980078e+01	3.294149e+02
4.600000e-06	7.692038e-09	1.235936e-09	3.944831e+01	3.282905e+02
4.610000e-06	7.622645e-09	1.230138e-09	3.909246e+01	3.271773e+02
4.620000e-06	7.552583e-09	1.224354e-09	3.873316e+01	3.260682e+02
4.630000e-06	7.481916e-09	1.219070e-09	3.837076e+01	3.249538e+02
4.640000e-06	7.410638e-09	1.214664e-09	3.800524e+01	3.238230e+02
4.650000e-06	7.338742e-09	1.210946e-09	3.763657e+01	3.226644e+02
4.660000e-06	7.266322e-09	1.208052e-09	3.726521e+01	3.214676e+02
4.670000e-06	7.193482e-09	1.205179e-09	3.689168e+01	3.202244e+02
4.680000e-06	7.120259e-09	1.200229e-09	3.651618e+01	3.189296e+02
4.690000e-06	7.046633e-09	1.193766e-09	3.613860e+01	3.175814e+02
4.700000e-06	6.972523e-09	1.187658e-09	3.575856e+01	3.161818e+02
4.710000e-06	6.897850e-09	1.181838e-09	3.537565e+01	3.147361e+02
4.720000e-06	6.822590e-09	1.176329e-09	3.498976e+01	3.132524e+02
4.730000e-06	6.746734e-09	1.171285e-09	3.460080e+01	3.117404e+02
4.740000e-06	6.670269e-09	1.166342e-09	3.420870e+01	3.102104e+02
4.750000e-06	6.593229e-09	1.161444e-09	3.381364e+01	3.086723e+02
4.760000e-06	6.515645e-09	1.156540e-09	3.341578e+01	3.071342e+02
4.770000e-06	6.437517e-09	1.151455e-09	3.301512e+01	3.056014e+02
4.780000e-06	6.358859e-09	1.145941e-09	3.261175e+01	3.040763e+02
4.790000e-06	6.279677e-09	1.139741e-09	3.220569e+01	3.025577e+02
4.800000e-06	6.199966e-09	1.133112e-09	3.179693e+01	3.010414e+02
4.810000e-06	6.119768e-09	1.126960e-09	3.138569e+01	2.995200e+02
4.820000e-06	6.039175e-09	1.121366e-09	3.097243e+01	2.979847e+02
4.830000e-06	5.958261e-09	1.115389e-09	3.055749e+01	2.964255e+02
4.840000e-06	5.877012e-09	1.108937e-09	3.014083e+01	2.948327e+02
4.850000e-06	5.795357e-09	1.102896e-09	2.972209e+01	2.931979e+02
4.860000e-06	5.713249e-09	1.097567e-09	2.930104e+01	2.915150e+02
4.870000e-06	5.630701e-09	1.092139e-09	2.887777e+01	2.897807e+02
4.880000e-06	5.547775e-09	1.085564e-09	2.845255e+01	2.879948e+02
4.890000e-06	5.464539e-09	1.077990e-09	2.802571e+01	2.861603e+02
4.900000e-06	5.380998e-09	1.070159e-09	2.759729e+01	2.842829e+02
4.910000e-06	5.297097e-09	1.063037e-09	2.716703e+01	2.823704e+02
4.920000e-06	5.212796e-09	1.056468e-09	2.673473e+01	2.804316e+02
4.930000e-06	5.128094e-09	1.049715e-09	2.630039e+01	2.784756e+02
4.940000e-06	5.043011e-09	1.042976e-09	2.586409e+01	2.765103e+02
4.950000e-06	4.957570e-09	1.036353e-09	2.542595e+01	2.745419e+02
4.960000e-06	4.871790e-09	1.029579e-09	2.498606e+01	2.725742e+02
4.970000e-06	4.785675e-09	1.022275e-09	2.454445e+01	2.706078e+02
4.980000e-06	4.699207e-09	1.013894e-09	2.410102e+01	2.686404e+02
4.990000e-06	4.612347e-09	1.005004e-09	2.365557e+01	2.666671e+02
5.000000e-06	4.525052e-09	9.971354e-10	2.320791e+01	2.646807e+02
5.010000e-06	4.437314e-09	9.905085e-10	2.275799e+01	2.626728e+02
5.020000e-06	4.349178e-09	9.839181e-10	2.230603e+01	2.606343e+02
5.030000e-06	4.260729e-09	9.763992e-10	2.185247e+01	2.585571e+02
5.040000e-06	4.172029e-09	9.682988e-10	2.139761e+01	2.564342e+02
5.050000e-06	4.083095e-09	9.602873e-10	2.094155e+01	2.542608e+02
5.060000e-06	3.993932e-09	9.522980e-10	2.048430e+01	2.520349e+02
5.070000e-06	3.904540e-09	9.439001e-10	2.002588e+01	2.497570e+02
5.080000e-06	3.814919e-09	9.350123e-10	1.956628e+01	2.474303e+02
5.090000e-06	3.725067e-09	9.261008e-10	1.910550e+01	2.450599e+02
5.100000e-06	3.634978e-09	9.176120e-10	1.864351e+01	2.426523e+02
5.110000e-06	3.544652e-09	9.090817e-10	1.818030e+01	2.402146e+02
5.120000e-06	3.454103e-09	9.000026e-10	1.771595e+01	2.377533e+02
5.130000e-06	3.363332e-09	8.905652e-10	1.725046e+01	2.352735e+02
5.140000e-06	3.272329e-09	8.811163e-10	1.678377e+01	2.327784e+02
5.150000e-06	3.181081e-09	8.721366e-10	1.631583e+01	2.302687e+02
5.160000e-06	3.089585e-09	8.635138e-10	1.584661e+01	2.277421e+02
5.170000e-06	2.997848e-09	8.542457e-10	1.537618e+01	2.251940e+02
5.180000e-06	2.905889e-09	8.438782e-10	1.490461e+01	2.226174e+02
5.190000e-06	2.813723e-09	8.334161e-10	1.443197e+01	2.200037e+02
5.200000e-06	2.721355e-09	8.233884e-10	1.395828e+01	2.173436e+02
5.210000e-06	2.628791e-09	8.132251e-10	1.348358e+01	2.146279e+02
5.220000e-06	2.536035e-09	8.030845e-10	1.300790e+01	2.118483e+02
5.230000e-06	2.443087e-09	7.927811e-10	1.253124e+01	2.089984e+02
5.240000e-06	2.349954e-09	7.816931e-10	1.205362e+01	2.060736e+02
5.250000e-06	2.256646e-09	7.701013e-10	1.157512e+01	2.030721e+02
5.260000e-06	2.163169e-09	7.583186e-10	1.109575e+01	1.999942e+02
5.270000e-06	2.069530e-09	7.460890e-10	1.061554e+01	1.968422e+02
5.280000e-06	1.975739e-09	7.335438e-10	1.013455e+01	1.936197e+02
5.290000e-06	1.881797e-09	7.215669e-10	9.652781e+00	1.903306e+02
5.300000e-06	1.787709e-09	7.102377e-10	9.170258e+00	1.869788e+02
5.310000e-06	1.693491e-09	6.984062e-10	8.687063e+00	1.835662e+02
5.320000e-06	1.599162e-09	6.854249e-10	8.203302e+00	1.800929e+02
5.330000e-06	1.504744e-09	6.715466e-10	7.719079e+00	1.765561e+02
5.340000e-06	1.410252e-09	6.571477e-10	7.234469e+00	1.729497e+02
5.350000e-06	1.315682e-09	6.430663e-10	6.749456e+00	1.692646e+02
5.360000e-06	1.221021e-09	6.294286e-10	6.263985e+00	1.654887e+02
5.370000e-06	1.126263e-09	6.150809e-10	5.778019e+00	1.616079e+02
5.380000e-06	1.031396e-09	5.995936e-10	5.291498e+00	1.576062e+02
5.390000e-06	9.364179e-10	5.834742e-10	4.804400e+00	1.534678e+02
5.400000e-06	8.413368e-10	5.668449e-10	4.316775e+00	1.491772e+02
5.410000e-06	7.461626e-10	5.500120e-10	3.828683e+00	1.447208e+02
5.420000e-06	6.509055e-10	5.328803e-10	3.340180e+00	1.400876e+02
5.430000e-06	5.555786e-10	5.149160e-10	2.851319e+00	1.352700e+02
5.440000e-06	4.601984e-10	4.968022e-10	2.362174e+00	1.302642e+02
5.450000e-06	3.647846e-10	4.782918e-10	1.872856e+00	1.250698e+02
5.460000e-06	2.693605e-10	4.585035e-10	1.383489e+00	1.196905e+02
5.470000e-06	1.739500e-10	4.375589e-10	8.941893e-01	1.141326e+02
5.480000e-06	7.856779e-11	4.153554e-10	4.050315e-01	1.084051e+02
5.490000e-06	-1.678695e-11	3.923941e-10	-8.398084e-02	1.025184e+02
5.500000e-06	-1.121220e-10	3.697629e-10	-5.728962e-01	9.648332e+01
5.510000e-06	-2.074428e-10	3.478945e-10	-1.061742e+00	9.031085e+01
5.520000e-06	-3.027512e-10	3.257381e-10	-1.550512e+00	8.401089e+01
5.530000e-06	-3.980514e-10	3.023861e-10	-2.039240e+00	7.759208e+01
5.540000e-06	-4.933394e-10	2.784105e-10	-2.527918e+00	7.106152e+01
5.550000e-06	-5.886081e-10	2.533564e-10	-3.016500e+00	6.442475e+01
5.560000e-06	-6.838469e-10	2.271992e-10	-3.504929e+00	5.768609e+01
5.570000e-06	-7.790334e-10	2.008023e-10	-3.993089e+00	5.084902e+01
5.580000e-06	-8.741453e-10	1.739816e-10	-4.480866e+00	4.391684e+01
5.590000e-06	-9.691634e-10	1.471652e-10	-4.968171e+00	3.689323e+01
5.600000e-06	-1.064070e-09	1.212839e-10	-5.454918e+00	2.978291e+01
5.610000e-06	-1.158851e-09	9.609275e-11	-5.941017e+00	2.259210e+01
5.620000e-06	-1.253495e-09	7.011004e-11	-6.426411e+00	1.532887e+01
5.630000e-06	-1.348008e-09	4.285387e-11	-6.911126e+00	8.003233e+00
5.640000e-06	-1.442404e-09	1.480046e-11	-7.395248e+00	6.271249e-01
5.650000e-06	-1.536698e-09	-1.415200e-11	-7.878846e+00	-6.785939e+00
5.660000e-06	-1.630896e-09	-4.334027e-11	-8.361941e+00	-1.422129e+01
5.670000e-06	-1.724992e-09	-7.206546e-11	-8.844517e+00	-2.166368e+01
5.680000e-06	-1.818981e-09	-1.004804e-10	-9.326541e+00	-2.909787e+01
5.690000e-06	-1.912856e-09	-1.282101e-10	-9.807985e+00	-3.650923e+01
5.700000e-06	-2.006609e-09	-1.549914e-10	-1.028879e+01	-4.388420e+01
5.710000e-06	-2.100221e-09	-1.814755e-10	-1.076887e+01	-5.121064e+01
5.720000e-06	-2.193673e-09	-2.084761e-10	-1.124813e+01	-5.847798e+01
5.730000e-06	-2.286944e-09	-2.365053e-10	-1.172646e+01	-6.567718e+01
5.740000e-06	-2.380014e-09	-2.652253e-10	-1.220375e+01	-7.280051e+01
5.750000e-06	-2.472865e-09	-2.935251e-10	-1.267992e+01	-7.984117e+01
5.760000e-06	-2.565484e-09	-3.203782e-10	-1.315490e+01	-8.679287e+01
5.770000e-06	-2.657863e-09	-3.458292e-10	-1.362865e+01	-9.364933e+01
5.780000e-06	-2.750010e-09	-3.704209e-10	-1.410120e+01	-1.004038e+02
5.790000e-06	-2.841937e-09	-3.943734e-10	-1.457264e+01	-1.070488e+02
5.800000e-06	-2.933651e-09	-4.180187e-10	-1.504299e+01	-1.135758e+02
5.810000e-06	-3.025155e-09	-4.416516e-10	-1.551226e+01	-1.199753e+02
5.820000e-06	-3.116451e-09	-4.653399e-10	-1.598046e+01	-1.262370e+02
5.830000e-06	-3.207538e-09	-4.889883e-10	-1.644760e+01	-1.323503e+02
5.840000e-06	-3.298409e-09	-5.120304e-10	-1.691363e+01	-1.383046e+02
5.850000e-06	-3.389059e-09	-5.336883e-10	-1.737851e+01	-1.440899e+02
5.860000e-06	-3.479481e-09	-5.538528e-10	-1.784223e+01	-1.496977e+02
5.870000e-06	-3.569659e-09	-5.730710e-10	-1.830469e+01	-1.551214e+02
5.880000e-06	-3.659576e-09	-5.920331e-10	-1.876581e+01	-1.603567e+02
5.890000e-06	-3.749226e-09	-6.114358e-10	-1.922556e+01	-1.654023e+02
5.900000e-06	-3.838614e-09	-6.311950e-10	-1.968397e+01	-1.702593e+02
5.910000e-06	-3.927749e-09	-6.503159e-10	-2.014109e+01	-1.749319e+02
5.920000e-06	-4.016635e-09	-6.678089e-10	-2.059693e+01	-1.794265e+02
5.930000e-06	-4.105279e-09	-6.837619e-10	-2.105153e+01	-1.837516e+02
5.940000e-06	-4.193677e-09	-6.986890e-10	-2.150488e+01	-1.879169e+02
5.950000e-06	-4.281805e-09	-7.132705e-10	-2.195683e+01	-1.919325e+02
5.960000e-06	-4.369634e-09	-7.283657e-10	-2.240725e+01	-1.958088e+02
5.970000e-06	-4.457124e-09	-7.435934e-10	-2.285594e+01	-1.995554e+02
5.980000e-06	-4.544243e-09	-7.582591e-10	-2.330272e+01	-2.031807e+02
5.990000e-06	-4.630972e-09	-7.720698e-10	-2.374751e+01	-2.066916e+02
6.000000e-06	-4.717317e-09	-7.846464e-10	-2.419034e+01	-2.100938e+02
6.010000e-06	-4.803294e-09	-7.963922e-10	-2.463127e+01	-2.133914e+02
6.020000e-06	-4.888907e-09	-8.077929e-10	-2.507035e+01	-2.165874e+02
6.030000e-06	-4.974141e-09	-8.188952e-10	-2.550748e+01	-2.196843e+02
6.040000e-06	-5.058974e-09	-8.302149e-10	-2.594254e+01	-2.226840e+02
6.050000e-06	-5.143391e-09	-8.418752e-10	-2.637546e+01	-2.255891e+02
6.060000e-06	-5.227398e-09	-8.533490e-10	-2.680628e+01	-2.284026e+02
6.070000e-06	-5.311023e-09	-8.642343e-10	-2.723514e+01	-2.311287e+02
6.080000e-06	-5.394305e-09	-8.739875e-10	-2.766224e+01	-2.337725e+02
6.090000e-06	-5.477270e-09	-8.825863e-10	-2.808772e+01	-2.363406e+02
6.100000e-06	-5.559914e-09	-8.912936e-10	-2.851156e+01	-2.388401e+02
6.110000e-06	-5.642207e-09	-9.009550e-10	-2.893358e+01	-2.412788e+02
6.120000e-06	-5.724106e-09	-9.107418e-10	-2.935358e+01	-2.436646e+02
6.130000e-06	-5.805602e-09	-9.199250e-10	-2.977152e+01	-2.460048e+02
6.140000e-06	-5.886715e-09	-9.288798e-10	-3.018749e+01	-2.483058e+02
6.150000e-06	-5.967455e-09	-9.376551e-10	-3.060156e+01	-2.505726e+02
6.160000e-06	-6.047790e-09	-9.458835e-10	-3.101355e+01	-2.528082e+02
6.170000e-06	-6.127653e-09	-9.531329e-10	-3.142312e+01	-2.550138e+02
6.180000e-06	-6.206997e-09	-9.600454e-10	-3.183002e+01	-2.571888e+02
6.190000e-06	-6.285814e-09	-9.677595e-10	-3.223422e+01	-2.593310e+02
6.200000e-06	-6.364121e-09	-9.762139e-10	-3.263580e+01	-2.614371e+02
6.210000e-06	-6.441922e-09	-9.847950e-10	-3.303480e+01	-2.635029e+02
6.220000e-06	-6.519196e-09	-9.925841e-10	-3.343110e+01	-2.655244e+02
6.230000e-06	-6.595897e-09	-9.989680e-10	-3.382445e+01	-2.674983e+02
6.240000e-06	-6.672001e-09	-1.004917e-09	-3.421474e+01	-2.694222e+02
6.250000e-06	-6.747545e-09	-1.011673e-09	-3.460216e+01	-2.712954e+02
6.260000e-06	-6.822584e-09	-1.019257e-09	-3.498699e+01	-2.731190e+02
6.270000e-06	-6.897132e-09	-1.027015e-09	-3.536931e+01	-2.748959e+02
6.280000e-06	-6.971166e-09	-1.033968e-09	-3.574898e+01	-2.766304e+02
6.290000e-06	-7.044686e-09	-1.040099e-09	-3.612601e+01	-2.783283e+02
6.300000e-06	-7.117736e-09	-1.046078e-09	-3.650062e+01	-2.799957e+02
6.310000e-06	-7.190352e-09	-1.052086e-09	-3.687302e+01	-2.816391e+02
6.320000e-06	-7.262521e-09	-1.057978e-09	-3.724313e+01	-2.832642e+02
6.330000e-06	-7.334188e-09	-1.063635e-09	-3.761067e+01	-2.848756e+02
6.340000e-06	-7.405313e-09	-1.069625e-09	-3.797544e+01	-2.864763e+02
6.350000e-06	-7.475862e-09	-1.076276e-09	-3.833726e+01	-2.880673e+02
6.360000e-06	-7.545815e-09	-1.082809e-09	-3.869602e+01	-2.896480e+02
6.370000e-06	-7.615167e-09	-1.088482e-09	-3.905170e+01	-2.912157e+02
6.380000e-06	-7.683909e-09	-1.093453e-09	-3.940425e+01	-2.927665e+02
6.390000e-06	-7.752051e-09	-1.098211e-09	-3.975372e+01	-2.942954e+02
6.400000e-06	-7.819627e-09	-1.103189e-09	-4.010029e+01	-2.957975e+02
6.410000e-06	-7.886681e-09	-1.108457e-09	-4.044418e+01	-2.972681e+02
6.420000e-06	-7.953220e-09	-1.113827e-09	-4.078544e+01	-2.987035e+02
6.430000e-06	-8.019201e-09	-1.119125e-09	-4.112383e+01	-3.001017e+02
6.440000e-06	-8.084614e-09	-1.124408e-09	-4.145931e+01	-3.014625e+02
6.450000e-06	-8.149499e-09	-1.129669e-09	-4.179208e+01	-3.027875e+02
6.460000e-06	-8.213867e-09	-1.134546e-09	-4.212220e+01	-3.040802e+02
6.470000e-06	-8.277690e-09	-1.138850e-09	-4.244952e+01	-3.053456e+02
6.480000e-06	-8.340925e-09	-1.142796e-09	-4.277383e+01	-3.065894e+02
6.490000e-06	-8.403518e-09	-1.146897e-09	-4.309485e+01	-3.078178e+02
6.500000e-06	-8.465414e-09	-1.151536e-09	-4.341230e+01	-3.090364e+02
6.510000e-06	-8.526613e-09	-1.156475e-09	-4.372617e+01	-3.102500e+02
6.520000e-06	-8.587152e-09	-1.161198e-09	-4.403666e+01	-3.114614e+02
6.530000e-06	-8.647065e-09	-1.165518e-09	-4.434394e+01	-3.126718e+02
6.540000e-06	-8.706388e-09	-1.169656e-09	-4.464818e+01	-3.138801e+02
6.550000e-06	-8.765127e-09	-1.173620e-09	-4.494943e+01	-3.150834e+02
6.560000e-06	-8.823237e-09	-1.177078e-09	-4.524745e+01	-3.162769e+02
6.570000e-06	-8.880695e-09	-1.180757e-09	-4.554214e+01	-3.174550e+02
6.580000e-06	-8.937546e-09	-1.185355e-09	-4.583370e+01	-3.186115e+02
6.590000e-06	-8.993816e-09	-1.189994e-09	-4.612229e+01	-3.197407e+02
6.600000e-06	-9.049475e-09	-1.193966e-09	-4.640774e+01	-3.208378e+02
6.610000e-06	-9.104444e-09	-1.197506e-09	-4.668966e+01	-3.218997e+02
6.620000e-06	-9.158620e-09	-1.200889e-09	-4.696753e+01	-3.229254e+02
6.630000e-06	-9.211949e-09	-1.204407e-09	-4.724105e+01	-3.239162e+02
6.640000e-06	-9.264453e-09	-1.208097e-09	-4.751033e+01	-3.248754e+02
6.650000e-06	-9.316194e-09	-1.211617e-09	-4.777569e+01	-3.258085e+02
6.660000e-06	-9.367225e-09	-1.214917e-09	-4.803742e+01	-3.267220e+02
6.670000e-06	-9.417527e-09	-1.218253e-09	-4.829541e+01	-3.276233e+02
6.680000e-06	-9.466990e-09	-1.221705e-09	-4.854911e+01	-3.285192e+02
6.690000e-06	-9.515531e-09	-1.224880e-09	-4.879808e+01	-3.294160e+02
6.700000e-06	-9.563172e-09	-1.227782e-09	-4.904242e+01	-3.303181e+02
6.710000e-06	-9.610022e-09	-1.230799e-09	-4.928270e+01	-3.312276e+02
6.720000e-06	-9.656225e-09	-1.234129e-09	-4.951966e+01	-3.321445e+02
6.730000e-06	-9.701844e-09	-1.237818e-09	-4.975363e+01	-3.330660e+02
6.740000e-06	-9.746872e-09	-1.241357e-09	-4.998458e+01	-3.339873e+02
6.750000e-06	-9.791325e-09	-1.244238e-09	-5.021257e+01	-3.349022e+02
6.760000e-06	-9.835234e-09	-1.246977e-09	-5.043777e+01	-3.358032e+02
6.770000e-06	-9.878588e-09	-1.249927e-09	-5.066013e+01	-3.366830e+02
6.780000e-06	-9.921327e-09	-1.252900e-09	-5.087932e+01	-3.375352e+02
6.790000e-06	-9.963397e-09	-1.256120e-09	-5.109509e+01	-3.383547e+02
6.800000e-06	-1.000477e-08	-1.259211e-09	-5.130726e+01	-3.391389e+02
6.810000e-06	-1.004546e-08	-1.261969e-09	-5.151595e+01	-3.398875e+02
6.820000e-06	-1.008552e-08	-1.264865e-09	-5.172140e+01	-3.406030e+02
6.830000e-06	-1.012491e-08	-1.267768e-09	-5.192345e+01	-3.412901e+02
6.840000e-06	-1.016348e-08	-1.270489e-09	-5.212125e+01	-3.419555e+02
6.850000e-06	-1.020108e-08	-1.272969e-09	-5.231412e+01	-3.426068e+02
6.860000e-06	-1.023780e-08	-1.275105e-09	-5.250246e+01	-3.432520e+02
6.870000e-06	-1.027382e-08	-1.277568e-09	-5.268723e+01	-3.438982e+02
6.880000e-06	-1.030923e-08	-1.280506e-09	-5.286883e+01	-3.445511e+02
6.890000e-06	-1.034396e-08	-1.283504e-09	-5.304697e+01	-3.452138e+02
6.900000e-06	-1.037797e-08	-1.286122e-09	-5.322140e+01	-3.458869e+02
6.910000e-06	-1.041125e-08	-1.287926e-09	-5.339206e+01	-3.465681e+02
6.920000e-06	-1.044382e-08	-1.289585e-09	-5.355916e+01	-3.472522e+02
6.930000e-06	-1.047576e-08	-1.291807e-09	-5.372294e+01	-3.479322e+02
6.940000e-06	-1.050698e-08	-1.294301e-09	-5.388304e+01	-3.485992e+02
6.950000e-06	-1.053725e-08	-1.296584e-09	-5.403829e+01	-3.492442e+02
6.960000e-06	-1.056648e-08	-1.298805e-09	-5.418820e+01	-3.498589e+02
6.970000e-06	-1.059484e-08	-1.301123e-09	-5.433367e+01	-3.504362e+02
6.980000e-06	-1.062254e-08	-1.303381e-09	-5.447576e+01	-3.509717e+02
6.990000e-06	-1.064958e-08	-1.305509e-09	-5.461444e+01	-3.514641e+02
7.000000e-06	-1.067587e-08	-1.307256e-09	-5.474928e+01	-3.519151e+02
7.010000e-06	-1.070138e-08	-1.308668e-09	-5.488008e+01	-3.523297e+02
7.020000e-06	-1.072613e-08	-1.310305e-09	-5.500705e+01	-3.527154e+02
7.030000e-06	-1.075026e-08	-1.312279e-09	-5.513081e+01	-3.530818e+02
7.040000e-06	-1.077380e-08	-1.314328e-09	-5.525153e+01	-3.534391e+02
7.050000e-06	-1.079651e-08	-1.316056e-09	-5.536799e+01	-3.537972e+02
7.060000e-06	-1.081815e-08	-1.317257e-09	-5.547897e+01	-3.541645e+02
7.070000e-06	-1.083880e-08	-1.318367e-09	-5.558490e+01	-3.545469e+02
7.080000e-06	-1.085874e-08	-1.319763e-09	-5.568714e+01	-3.549471e+02
7.090000e-06	-1.087803e-08	-1.321554e-09	-5.578609e+01	-3.553642e+02
7.100000e-06	-1.089659e-08	-1.323059e-09	-5.588129e+01	-3.557934e+02
7.110000e-06	-1.091440e-08	-1.323715e-09	-5.597259e+01	-3.562270e+02
7.120000e-06	-1.093144e-08	-1.324664e-09	-5.606002e+01	-3.566548e+02
7.130000e-06	-1.094779e-08	-1.326420e-09	-5.614387e+01	-3.570653e+02
7.140000e-06	-1.096352e-08	-1.328248e-09	-5.622454e+01	-3.574471e+02
7.150000e-06	-1.097840e-08	-1.329694e-09	-5.630088e+01	-3.577901e+02
7.160000e-06	-1.099213e-08	-1.330695e-09	-5.637127e+01	-3.580868e+02
7.170000e-06	-1.100474e-08	-1.331498e-09	-5.643598e+01	-3.583331e+02
7.180000e-06	-1.101651e-08	-1.332143e-09	-5.649633e+01	-3.585292e+02
7.190000e-06	-1.102749e-08	-1.332947e-09	-5.655269e+01	-3.586795e+02
7.200000e-06	-1.103770e-08	-1.333789e-09	-5.660504e+01	-3.587922e+02
7.210000e-06	-1.104712e-08	-1.334294e-09	-5.665338e+01	-3.588789e+02
7.220000e-06	-1.105578e-08	-1.335097e-09	-5.669781e+01	-3.589530e+02
7.230000e-06	-1.106380e-08	-1.336473e-09	-5.673892e+01	-3.590282e+02
7.240000e-06	-1.107114e-08	-1.337848e-09	-5.677659e+01	-3.591175e+02
7.250000e-06	-1.107754e-08	-1.338599e-09	-5.680939e+01	-3.592310e+02
7.260000e-06	-1.108283e-08	-1.338826e-09	-5.683652e+01	-3.593751e+02
7.270000e-06	-1.108722e-08	-1.338825e-09	-5.685906e+01	-3.595515e+02
7.280000e-06	-1.109097e-08	-1.338620e-09	-5.687830e+01	-3.597568e+02
7.290000e-06	-1.109406e-08	-1.338883e-09	-5.689414e+01	-3.599825e+02
7.300000e-06	-1.109642e-08	-1.339644e-09	-5.690625e+01	-3.602159e+02
7.310000e-06	-1.109805e-08	-1.340200e-09	-5.691461e+01	-3.604415e+02
7.320000e-06	-1.109886e-08	-1.341161e-09	-5.691880e+01	-3.606421e+02
